,image_path,dataset,scene,rotation_matrix,translation_vector
0,train/lizard/images/00539.png,lizard,lizard,0.9665510535758824;-0.15278118425659842;0.20600235573532405;0.13653454900735607;0.9864482029919471;0.09098494238782702;-0.21711144087474882;-0.05981515318971977;0.9743124599891868,-0.4180175397460969;-1.3555902059794178;2.6294178674561004
1,train/lizard/images/00535.png,lizard,lizard,0.9146660784911137;-0.2309527501201516;0.33173301323447846;0.1916401232813289;0.9703679317980809;0.1471738430789663;-0.3558932817663252;-0.0710415663527625;0.9318224443764709,-0.7723895735838597;-1.4896028295478192;2.966184166016033
2,train/lizard/images/00531.png,lizard,lizard,0.9302230867661776;-0.17148593956671;0.32446506958088295;0.1484734663048305;0.9843813458614292;0.09459913172682763;-0.3356197828654218;-0.03982384274481815;0.941155365972273,-1.59070407451097;-1.6471235998030922;3.119213635734336
3,train/lizard/images/00517.png,lizard,lizard,0.9320710729883663;-0.1388917307962826;0.3345931888349318;0.07373597331079251;0.9769870369807078;0.20014828455814274;-0.3546921498119538;-0.16188087190298348;0.9208626728094176,0.41285390568545566;-2.464723832371309;4.557600664452294
4,train/lizard/images/00511.png,lizard,lizard,0.9181190555217755;-0.1553895139338785;0.36457029342390995;-0.02668789404906699;0.8935935483010479;0.4480829462788878;-0.39540505333016246;-0.4211231047973215;0.8162782457023068,0.2553428442439138;-1.7883779022566753;7.3645695667733655
5,train/lizard/images/00510.png,lizard,lizard,0.9547577961809482;-0.1289946203299399;0.2679513734945831;-0.020698518192647467;0.8700166504370901;0.4925876564702518;-0.2966633141733699;-0.47584810169649816;0.8279851823163936,-0.4461790098319484;-1.4239995239688905;7.684842004345699
6,train/lizard/images/00502.png,lizard,lizard,0.9966121667883203;0.053870896809746445;-0.06214592091523629;-0.04240482337525193;0.9840158769700412;0.1729583326278164;0.07046999335889596;-0.16973709184440017;0.9829665811655057,0.004449569125087982;-0.48249088912089955;1.2331037359798367
7,train/lizard/images/00500.png,lizard,lizard,0.9961069869317613;-0.07116125630375242;0.05202832100884736;0.05535654939561116;0.964275793848686;0.2590518207550328;-0.06860410355612317;-0.25516322030958544;0.9644610971814792,0.1083123031957248;-0.6727990697814233;2.3214201362757803
8,train/lizard/images/00497.png,lizard,lizard,0.9680010969942637;-0.08813984644144812;0.23495796153180254;0.02087837811527868;0.9613297754247244;0.2746072763222497;-0.2500759275603662;-0.26091460356048857;0.9324084942254095,-0.35035316823406965;-1.336856206933628;3.6844245854087716
9,train/lizard/images/00492.png,lizard,lizard,0.8884197622453287;-0.18573254025605496;0.41977821470627374;0.03438694977895228;0.938844897921646;0.3426190235982144;-0.457742136728588;-0.28995461909844944;0.8404751365308909,-0.5070024048006425;-1.9095544992486513;5.315995366900143
10,train/lizard/images/00487.png,lizard,lizard,0.9098267344608295;-0.221783151179073;0.3507528290882678;0.048557157649125104;0.8962997777630941;0.440782158013305;-0.4121377387492939;-0.38400383101592694;0.8262466593358851,-0.9484123716154899;-2.184709808256403;7.436329812098142
11,train/lizard/images/00486.png,lizard,lizard,0.9598300073044123;-0.14679756007245803;0.23911677781951002;0.02762892579736813;0.8975237525549576;0.4400997114961003;-0.27921855156363695;-0.41581436958869067;0.8655260888651852,-1.7035293531074822;-2.1686497289183815;7.787667605769928
12,train/lizard/images/00485.png,lizard,lizard,0.9607510266673609;-0.13697840683946852;0.24123511522440713;0.024156051477115636;0.907596581978303;0.41914786121169295;-0.27635837228976234;-0.39686945012311386;0.8752832053823096,-1.4505477415939272;-2.39126090922281;7.974558029633459
13,train/lizard/images/00481.png,lizard,lizard,0.9962697968298815;-0.06551162123810073;-0.05616688888751373;0.08473560755696752;0.8657968151294277;0.4931690903976963;0.016320806858065303;-0.49608880494775853;0.8681183841326059,-1.0144447442495348;-1.4886953364373836;8.876123549777951
14,train/lizard/images/00478.png,lizard,lizard,0.8784273417222002;0.2484930791299465;-0.4081869607660037;-0.09780411780762654;0.9295745531015316;0.3554229941435413;0.46776036584424385;-0.27229091033416086;0.8408673499991858,-5.815695151942219;-2.638452473556719;6.727199304660396
15,train/lizard/images/00476.png,lizard,lizard,0.882487349566191;0.2074739229496011;-0.42210265238629147;-0.0786864802140312;0.9499267014114938;0.3024032072862416;0.46370735996657014;-0.23365323289306683;0.8546236897438849,-4.915373908131558;-3.281051732981778;7.162973823146061
16,train/lizard/images/00472.png,lizard,lizard,0.7832640146077609;0.30775326751503296;-0.5401716484177542;-0.14985057698226636;0.9367184088211874;0.31639125644300725;0.6033591699797188;-0.16687285252348102;0.7798148261555825,-4.622735765150442;-3.378983064422622;7.917248321132159
17,train/lizard/images/00471.png,lizard,lizard,0.7553395670973273;0.3217043642845024;-0.5709364591419315;-0.16221219501118345;0.9358858950464496;0.31273758207602703;0.6349404241083378;-0.1436102136110456;0.7590960178921464,-4.670845813990455;-3.4803406232175393;8.11735306372104
18,train/lizard/images/00469.png,lizard,lizard,0.6838966636604202;0.39308589885931094;-0.614629017824666;-0.2164166854750475;0.9138276444977337;0.34363185882528136;0.6967418257017016;-0.10199270694364036;0.7100340245707725,-4.64585521971606;-3.5396247183653764;9.085893914023886
19,train/lizard/images/00465.png,lizard,lizard,0.9649712645864277;0.16006518887489501;-0.20786917480212136;-0.15490800976849395;0.9870792380930328;0.040964450871970086;0.21174032925268366;-0.007328917800197773;0.9772984804714694,-0.9673091303096971;-0.7333420987794013;1.0419191321377481
20,train/lizard/images/00464.png,lizard,lizard,0.9990123421139913;0.012550502002765588;0.04262423258424927;-0.013356652083493795;0.9997362731213145;0.018681114812155862;-0.04237853405956961;-0.019231981306745936;0.9989165083959615,-0.3490120242577791;-0.7141638211276342;0.9672205526779847
21,train/lizard/images/00463.png,lizard,lizard,0.9939200429060191;-0.058733638144661655;0.09313059679820081;0.056939931241823706;0.9981394830266364;0.021804051309227194;-0.09423795700180206;-0.016368633834592573;0.9954151271135654,-0.1986422198375764;-0.6840279099243929;0.9092843350671153
22,train/lizard/images/00460.png,lizard,lizard,0.9981958353498748;-0.005009549221886879;-0.05983292326770667;0.006048464837836356;0.9998338578166394;0.01719513991224616;0.059736842595430495;-0.01752601438119221;0.9980602929966902,-0.775946582469643;-0.6400165055125199;0.6991967384624743
23,train/lizard/images/00457.png,lizard,lizard,0.9838380229716239;0.1512752893279458;0.09580465225672813;-0.17869617104727883;0.8636046774865415;0.471438903227564;-0.011420289327682763;-0.4809394430301107;0.876679433504379,-1.1814567652371961;-0.929729686277083;-0.4502870881282006
24,train/lizard/images/00455.png,lizard,lizard,0.9999205204747783;-0.0030550464715307446;-0.012231901916923135;0.0031705471666292444;0.9999504691266227;0.009434348102095867;0.012202473688257623;-0.009472380086553123;0.9998806797070254,-0.8895899894068996;-0.5927401604401278;0.6213973880296377
25,train/lizard/images/00451.png,lizard,lizard,1.0;0.0;0.0;0.0;1.0;0.0;0.0;0.0;1.0,0.0;0.0;0.0
26,train/lizard/images/00444.png,lizard,lizard,0.8754824268052873;-0.19662833863779183;0.4414383499421709;0.38348711817407866;0.838529657325679;-0.3870473407476398;-0.294054672722038;0.5081390658371202;0.8095224142792551,-1.4991847653676451;-0.3081445676712906;-0.12954562454154991
27,train/lizard/images/00440.png,lizard,lizard,0.999724669636352;-0.010424353031391144;-0.021021840651187163;4.2308700407685425e-05;0.8966973972996006;-0.44264407359197316;0.02346450788874228;0.44252131083146634;0.8964509503199491,-1.8399593044322706;0.45105970945749757;-0.7527878628187678
28,train/lizard/images/00433.png,lizard,lizard,0.9833719750690852;0.1536333633256376;-0.09683154610961761;-0.12179424350789075;0.9534486834652017;0.27586549303385915;0.1347060536763919;-0.25948486983199276;0.9563063742500134,-1.1535814091760905;0.18822624137094182;-0.47823458119407597
29,train/lizard/images/00432.png,lizard,lizard,0.98680817321432;0.14591570063327117;-0.07013014748393262;-0.12131023766759821;0.9533152436966855;0.27653909736700866;0.10720753478392919;-0.26438353663613523;0.9584403424529468,-1.051816417690454;0.15435999923470525;-0.35713136784057253
30,train/lizard/images/00423.png,lizard,lizard,0.9876196297186035;0.08406926963182364;0.13243800397944777;-0.13041331937497316;0.9092186511929912;0.39536541382928153;-0.08717702176657412;-0.4077423233199731;0.9089259401345858,-1.0621791365514288;-0.6836878968302091;-0.4203700408410755
31,train/lizard/images/00421.png,lizard,lizard,0.9838538747345323;0.07461493575422734;0.1626781009608846;-0.14177888905186523;0.8796538664517563;0.453990993143801;-0.10922591171084872;-0.4697251181264085;0.8760296876316838,-1.1247432031980849;-0.7977252787191547;-0.34065664072674373
32,train/lizard/images/00410.png,lizard,lizard,0.9644732836326212;0.2531606880674108;0.07550464340783629;-0.25491025256187677;0.816762779467031;0.5176092398867416;0.06936892890732556;-0.5184671909528367;0.852279134795476,-1.2849169053174576;-0.9573488925544823;-0.46182062227119536
33,train/lizard/images/00409.png,lizard,lizard,0.9653572542752394;0.24472637605910208;0.09052277326258691;-0.25584812586617534;0.8196170572550986;0.5126105889925199;0.0512553227376092;-0.5180124325896738;0.8538360566136758,-1.2700563016256292;-0.9531772445578325;-0.4469821748608215
34,train/lizard/images/00408.png,lizard,lizard,0.9658927912231646;0.2378671811688572;0.10232458153301262;-0.25719302370342384;0.835430655643814;0.48570296289896875;0.03004770243153608;-0.4954541590635091;0.8681142274178306,-1.237026709366346;-0.9449131611678797;-0.4739172930162021
35,train/lizard/images/00406.png,lizard,lizard,0.9680798052747065;0.2408564879219343;0.06935158862778422;-0.24692120231739437;0.8689723119488197;0.42885550120344224;0.04302801953865284;-0.43229072774260885;0.9007071201241539,-1.1882174606303142;-0.930317100321148;-0.5885715617220738
36,train/lizard/images/00405.png,lizard,lizard,0.9697963390827877;0.24124281576767345;0.03601339392652339;-0.23592115372118502;0.890236581592385;0.38964090907086474;0.06193762934184327;-0.3863686486183749;0.9202624611687272,-1.1420139738807422;-0.9083841026163036;-0.6672465701730039
37,train/lizard/images/00396.png,lizard,lizard,1.0;0.0;0.0;0.0;1.0;0.0;0.0;0.0;1.0,0.0;0.0;0.0
38,train/lizard/images/00393.png,lizard,lizard,0.7669659955403154;-0.29964163548323686;-0.5674310988743779;-0.5271494194664887;0.21000287700066378;-0.8234150115267443;0.3658915839985895;0.9306522884173097;0.0031091514321669456,0.20362339790093686;1.456934409038864;-0.6920884987976181
39,train/lizard/images/00383.png,lizard,lizard,0.9961001134425702;-0.00779261329835771;0.08788537522068746;0.08667725011483032;0.27249227461884706;-0.958245800713772;-0.01648084682987843;0.9621264134462941;0.27210502795196756,-1.267318577390655;1.076644454908724;-0.646135592439041
40,train/lizard/images/00380.png,lizard,lizard,0.9062179443407559;0.04632375389724375;0.42026556744477916;0.273981317972053;0.6927179135792683;-0.6671402623202128;-0.3220299283562188;0.7197193911735692;0.615061560505642,-1.6818811174894834;0.16246355958912645;-0.6365565445936904
41,train/lizard/images/00374.png,lizard,lizard,0.8516838791209783;-0.16404917232944474;0.4977172280557173;0.3167459319599656;0.9177732486022628;-0.23950841057645947;-0.417500400757;0.3616353594548979;0.8336145884997882,-1.3886032018541423;-0.6838842257804723;-0.6498158999348302
42,train/lizard/images/00373.png,lizard,lizard,0.8367703837627537;-0.17407604239459662;0.51914627642098;0.34631438532502146;0.9026471144964914;-0.2555279499548153;-0.42412459416365667;0.3936060443583058;0.8155934100212685,-1.3684380955539202;-0.6835244656284939;-0.6455510083231597
43,train/lizard/images/00364.png,lizard,lizard,1.0;0.0;0.0;0.0;1.0;0.0;0.0;0.0;1.0,0.0;0.0;0.0
44,train/lizard/images/00357.png,lizard,lizard,1.0;0.0;0.0;0.0;1.0;0.0;0.0;0.0;1.0,0.0;0.0;0.0
45,train/lizard/images/00346.png,lizard,lizard,0.8815987699194684;-0.009871745522628095;0.47189634191929986;-0.05641816547559632;0.9904094620611521;0.12611934056324445;-0.46861562018444125;-0.13781018140934245;0.8725868176972854,-1.4298413742670897;-0.8258011814908116;-0.37889711203822435
46,train/lizard/images/00342.png,lizard,lizard,0.742344229440133;-0.14329978662014645;0.654515252818111;0.2394068523340401;0.9691032534038427;-0.05935691448849505;-0.6257870277278385;0.20075869942970814;0.7537151587508704,-1.422808069129043;-0.861889657282766;-0.3089232013459658
47,train/lizard/images/00339.png,lizard,lizard,0.6835089512166268;-0.172693205872551;0.709219691105801;0.293966436772245;0.9544594368538866;-0.05090105550960136;-0.6681311605202803;0.24327811255027146;0.7031475750479418,-1.4778881464659177;-0.9212860719813987;-0.2063499996974054
48,train/lizard/images/00334.png,lizard,lizard,0.6842270824999245;-0.1602295381376223;0.7114490808777856;0.29486903996268976;0.9530471090491336;-0.06894532039646015;-0.6669974129223615;0.25695856288766306;0.699347372993982,-1.4925176536973221;-0.904284355088719;-0.21164799010552057
49,train/lizard/images/00330.png,lizard,lizard,0.49802856440995924;-0.06637365343782639;0.864616728476306;0.4070852462303295;0.8982660250891401;-0.1655286998443118;-0.7656690873565075;0.4344107345587486;0.47438187398632903,-1.602785692038144;-0.8450407222245009;0.16012862773317776
50,train/lizard/images/00329.png,lizard,lizard,0.4186032748524662;-0.045290735891271;0.9070391653755739;0.46537290800977094;0.8683580696376607;-0.17141271652268097;-0.7798713706588541;0.49386537855733803;0.38457461316251396,-1.5955610856882034;-0.9009144761901687;0.2740402343569108
51,train/lizard/images/00328.png,lizard,lizard,0.35924102362053334;-0.049689535230475146;0.9319210465681365;0.5288482706721946;0.8336104215661092;-0.15941509233257312;-0.768937834649265;0.5501132748306962;0.32574528592129526,-1.5783824713956136;-0.9756881596181234;0.31776979001668454
52,train/lizard/images/00325.png,lizard,lizard,0.5352578389550329;-0.26298764423711163;0.8027057647829636;0.7025659181765777;0.6661739571307373;-0.2502266761507993;-0.4689351516509404;0.6978895025857524;0.5413409884044627,-1.5357665026630958;-0.936051737082165;-0.3106707745308542
53,train/lizard/images/00323.png,lizard,lizard,0.830848353040914;-0.1577349745022316;0.5336765800257505;0.4767402886298401;0.6964414937837199;-0.5363654937945186;-0.2870709171029653;0.7000635139436144;0.653835885370772,-1.5706198037178059;-0.31800878340220834;-0.6337152375478334
54,train/lizard/images/00318.png,lizard,lizard,0.9887626098137675;0.11520861884716221;0.09526529051861786;-0.03413077505214312;0.7943905794331222;-0.6064476049109672;-0.14554584029991158;0.5963812383461083;0.7893958619857054,-1.2090330139886927;0.24744322261500004;-0.8667005929615216
55,train/lizard/images/00315.png,lizard,lizard,0.967676334718458;0.25175119104671717;0.01496158522383783;-0.2192555030177108;0.8691184177711734;-0.44335110272489764;-0.12461755743995895;0.4257399601840206;0.8962231589733703,-1.1728917951547593;0.16269538475986325;-0.9711345912560204
56,train/lizard/images/00311.png,lizard,lizard,0.9856415687811525;0.16127732021662375;0.050003238638843865;-0.15535207753763677;0.9821914396053653;-0.10566791362887894;-0.06615459088656393;0.09638258115284494;0.993143478131406,-1.1600571594561988;-0.4150273207158253;-0.9903806691381616
57,train/lizard/images/00304.png,lizard,lizard,0.9242527995298656;0.2254667634293575;-0.30809333188158455;-0.2344390178049892;0.9720971060158132;0.00809712333565189;0.30132226849643556;0.06474530920747039;0.9513216782160444,-0.7161637689426152;-0.429357021916811;-1.279631190797281
58,train/lizard/images/00303.png,lizard,lizard,0.9200604166223763;0.2470084209710375;-0.3040981251735272;-0.2821929226816316;0.9562586097919692;-0.07704950088825438;0.27176457486776706;0.15670453461251577;0.9495197231647253,-0.7271162334748162;-0.27177798933688985;-1.2691497201345
59,train/lizard/images/00299.png,lizard,lizard,0.9508120660295123;0.22646810827983285;-0.2113494997033212;-0.2743083917431596;0.9325343870790463;-0.23480741711962286;0.14391428460014513;0.2812326667499015;0.9487870497855497,-0.8158440940887434;0.02211512048138482;-0.8996727667101551
60,train/lizard/images/00294.png,lizard,lizard,0.9414218461057707;-0.12291888247532944;0.3140316162519608;0.25314978490509893;0.87281268417898;-0.41726874402330494;-0.22280057019070837;0.47232294742824044;0.8528018171037131,-1.2361253507638672;-0.38404181185737624;-0.4663140549794481
61,train/lizard/images/00291.png,lizard,lizard,0.9841873844314621;-0.05966013424870613;0.1667808763239468;0.12411100948036112;0.9040580233379726;-0.40899333462050896;-0.12637899212971668;0.42322542317264483;0.8971669808506177,-1.152206320347459;-0.27824504994090554;-0.47683833909815576
62,train/lizard/images/00282.png,lizard,lizard,0.855987291614667;0.3004893067373528;-0.4207040921249664;-0.3572343756394644;0.9320104325669216;-0.061156802139268426;0.3737236378069617;0.2026394091062365;0.9051341958082272,-0.35184037717541294;-0.7077922360507164;0.5501714155416134
63,train/lizard/images/00281.png,lizard,lizard,0.8219720934201376;0.33112230898549977;-0.463378780406082;-0.38626953407760267;0.9220098288731094;-0.026338612432151173;0.41851848786163376;0.20063871000754202;0.8857688092073015,-0.29354072330524367;-0.7124235455375785;0.7714319648774054
64,train/lizard/images/00274.png,lizard,lizard,0.614263304051676;0.5325316190437542;-0.5823149216825516;-0.5621094459886983;0.8132103164132839;0.1507380244307501;0.5538172659152087;0.23473188108487655;0.7988663092010817,-0.1492243644504949;-0.939145089337591;1.5843928958693576
65,train/lizard/images/00273.png,lizard,lizard,0.5707016513513424;0.5616168996371482;-0.5990710168142073;-0.5784162834867161;0.7927786848070333;0.19218886521608206;0.5828672474434171;0.23682992834012315;0.7772884644069706,-0.07515045228608665;-0.889163714733451;1.7117787727643632
66,train/lizard/images/00115.png,lizard,lizard,0.9934278678398194;-0.08355490376674467;0.07822818837069084;0.08628778873726466;0.9957489121071585;-0.032226100481496156;-0.07520298474172041;0.038764443681553615;0.9964144865426215,-0.7356261651997761;0.23984486998990404;-0.9714574133875725
67,train/lizard/images/00110.png,lizard,lizard,0.9498341727961411;0.10512642555313698;-0.294556410283482;0.008069652703964918;0.9332637946787654;0.35910105854345303;0.3126498439051387;-0.34346342482455366;0.8855975106750699,-0.6994389185527778;0.15074097665113723;-0.7087645439720038
68,train/lizard/images/00108.png,lizard,lizard,0.8103406592143629;0.26130458339436513;-0.5244691894869794;-0.032320078045493444;0.9136306441036308;0.40525850849786976;0.5850670291335559;-0.3114465617917174;0.7487974429503301,-0.5326157064867567;0.17315636951507005;-0.8755882609728527
69,train/lizard/images/00107.png,lizard,lizard,0.7201574642234116;0.30503605172688064;-0.6231582735310359;-0.09941181620172056;0.9342664594271622;0.3424375469905571;0.6866516711716217;-0.18465965974275617;0.7031431522392213,-0.4101562577028623;0.23034475826710732;-0.9320291393732779
70,train/lizard/images/00099.png,lizard,lizard,0.9955848598460874;-0.007916370395691742;-0.0935313740143098;0.05039152914928444;0.8857502832737129;0.4614186054663751;0.07919268043981911;-0.46409456661363285;0.8822384896412426,-0.5207706806825704;0.14038514773307983;-0.27580763921091306
71,train/lizard/images/00097.png,lizard,lizard,0.9998683199856577;-0.012272455189548337;0.010617416478546778;0.00965289092906927;0.9757254396624606;0.21878457005056215;-0.013044707193719631;-0.21865327173202412;0.9757154207939484,-0.4943657349915673;0.0603456478951751;-0.047324178799386545
72,train/lizard/images/00088.png,lizard,lizard,0.9755830580088865;-0.04919642781621561;-0.21405001381955965;0.04865343048351857;0.9987852052308688;-0.007807529322186863;0.21417408953516112;-0.0027973741357330234;0.9767914997939579,-0.2888864787826165;-0.4132420391573203;0.4060652344880071
73,train/lizard/images/00085.png,lizard,lizard,0.8514397068356847;0.23630259562546316;-0.46820028718939516;-0.2647673147369186;0.9642983304341886;0.005196053198151349;0.45271259610327247;0.11954000678645367;0.8836070914761436,0.7941872015731269;0.0037559072659319142;0.9699748755595768
74,train/lizard/images/00081.png,lizard,lizard,0.7258305631557158;0.28420730611162853;-0.626415358002841;-0.34955958333006604;0.9367017292764632;0.01994913713908608;0.5924340396121471;0.2044897980908938;0.7792341311734096,1.348679174530215;0.13098167816876558;1.519236897825329
75,train/lizard/images/00075.png,lizard,lizard,0.5730832863045698;0.40098576728873425;-0.7146929140478585;-0.5080726719160773;0.8581245649626803;0.0740566746463059;0.64299121845513;0.3206752959606895;0.6955067559341978,2.0589073472828443;-0.01272589423063409;2.281270115610648
76,train/lizard/images/00073.png,lizard,lizard,0.4255232702480609;0.4562055588773899;-0.7815410638774934;-0.5428469695261772;0.8196731232207685;0.18290199218640746;0.7240491103189352;0.34642814423611623;0.5964397930449303,2.14104884396259;-0.02051187437854135;2.7945595346038057
77,train/lizard/images/00071.png,lizard,lizard,0.4281260290694502;0.5199789707162862;-0.7391413756826606;-0.5735368805682731;0.7884036528074011;0.22243004938173583;0.6984007086631849;0.3286967451204508;0.6357632420060022,2.697276009808303;-0.06666289656395316;2.893135818201514
78,train/lizard/images/00029.png,lizard,lizard,1.0;0.0;0.0;0.0;1.0;0.0;0.0;0.0;1.0,0.0;0.0;0.0
79,train/lizard/images/00028.png,lizard,lizard,1.0;0.0;0.0;0.0;1.0;0.0;0.0;0.0;1.0,0.0;0.0;0.0
80,train/lizard/images/00027.png,lizard,lizard,1.0;0.0;0.0;0.0;1.0;0.0;0.0;0.0;1.0,0.0;0.0;0.0
81,train/lizard/images/00024.png,lizard,lizard,0.8546906701184179;0.11901618293146565;-0.5053108019951221;0.01221361549477809;0.9684864638861407;0.24876655093855532;0.5189939171214585;-0.2187901219656478;0.8263027269234815,0.6548600355296644;0.027490532277382036;0.3627075561261476
82,train/lizard/images/00020.png,lizard,lizard,1.0;0.0;0.0;0.0;1.0;0.0;0.0;0.0;1.0,0.0;0.0;0.0
83,train/lizard/images/00016.png,lizard,lizard,0.8026455520161292;-0.1634902884197227;-0.5736122762120412;0.2873476544110881;0.9487324739264463;0.1316739094196368;0.5226771884568611;-0.2705136198231814;0.80847445114672,0.7933853165823829;0.06160349604991695;-0.7371404258933999
84,train/lizard/images/00014.png,lizard,lizard,0.9787721816408177;-0.07731842792249938;0.18980747390360447;0.02295835828437682;0.9616437574983395;0.2733389790157287;-0.2036613125533674;-0.26317892082776695;0.9430052626581527,-1.0083290449710274;0.05816421062412311;-0.7803702946059232
85,train/lizard/images/00004.png,lizard,lizard,0.6964237241212952;-0.3088838092233248;0.6477536482959512;0.22536405595622155;0.9510991082087805;0.21123808522002707;-0.6813259416490665;-0.001130824544767428;0.7319792910129779,-1.381359533755302;-0.711173695793801;1.074075853950502
86,train/lizard/images/00005.png,lizard,lizard,0.9973280546235398;0.05807316501206679;-0.0443199612624699;-0.05065135346121394;0.9868777442838963;0.15331913849769646;0.05264211102694061;-0.150664612111172;0.987182345265563,-0.43600935785196576;0.25294701281151855;-1.3391680194510684
87,train/lizard/images/00135.png,lizard,lizard,0.8543163800681065;0.2744972754854048;-0.4413556032253543;-0.19983049348483306;0.9573639479735263;0.20861937828052135;0.4798033937155245;-0.09003064406985527;0.8727446284609447,-3.5665526320088348;1.6399088907884425;-2.6135426874188163
88,train/lizard/images/00032.png,lizard,lizard,1.0;0.0;0.0;0.0;1.0;0.0;0.0;0.0;1.0,0.0;0.0;0.0
89,train/lizard/images/00034.png,lizard,lizard,1.0;0.0;0.0;0.0;1.0;0.0;0.0;0.0;1.0,0.0;0.0;0.0
90,train/lizard/images/00038.png,lizard,lizard,0.25432277518829527;0.4190652259774461;-0.8716101550561443;-0.4940643115113277;0.8310632974608791;0.2554099679031502;0.8313966454775733;0.3656748993162129;0.41840349651827236,2.140564783632526;0.11214262974087767;4.038252190165603
91,train/lizard/images/00051.png,lizard,lizard,0.9902631418836281;-0.056013050017491836;0.1274419399354211;0.0020233136040845624;0.9211721245690879;0.38915012928037473;-0.13919344822521298;-0.3851031746748017;0.9123161342575085,-0.702541608961342;-0.3020707555474775;2.498352814980445
92,train/lizard/images/00053.png,lizard,lizard,0.44251979472243874;0.35340173650367435;-0.8241865346600843;-0.5694058144389819;0.8207568999172073;0.04620746391412331;0.6927865831277988;0.44884888757184505;0.564430178466413,1.4598093011362192;-0.3337084655871103;2.603961185005788
93,train/lizard/images/00142.png,lizard,lizard,0.9987585539303313;0.023121331402428016;-0.044122046475346434;-0.017245489568848506;0.9914701734010368;0.12918780261947593;0.04673268706723669;-0.128266516637418;0.9906380553305928,-5.618338094104926;2.4033006320498513;-2.1419130019813397
94,train/lizard/images/00143.png,lizard,lizard,0.8977791350325793;-0.20856051685964647;0.3879370251824267;0.16231283688734058;0.9754570171557093;0.14878894671066756;-0.4094473930576884;-0.07061245278931633;0.9095970062776919,-6.809821678192535;1.5706804209052463;0.4641331081785666
95,train/lizard/images/00145.png,lizard,lizard,0.45578124302378864;-0.5318210670658716;0.7137435191527891;0.49771132154101533;0.8170742001647772;0.29098658359963225;-0.7379342104263674;0.22261200338258358;0.6371004607064779,-5.943276165808482;-0.9644592783094877;3.797860010394273
96,train/lizard/images/00543.png,lizard,lizard,0.9966966938362299;-0.07481515078155061;-0.03159736871105593;0.07593677753936427;0.9964651262502229;0.03592851213262974;0.028797678949277726;-0.03820923161568766;0.9988547183181712,-0.3063241675204149;-1.2166606091959535;2.092546336417936
97,train/lizard/images/00151.png,lizard,lizard,-0.7451330096551687;-0.4926885173913618;0.4494828392196228;0.3091826891981047;0.34197008217063274;0.88739085390849;-0.5909169676210523;0.800196530691625;-0.10248243579574079,-0.2039291812560961;-3.1463653173584563;7.690009128401888
98,train/lizard/images/00551.png,lizard,lizard,0.8683728129194271;-0.27938421841761996;0.4097232191145349;0.20005072095496665;0.9533450291235696;0.22608176505587188;-0.4537712714879597;-0.11435783289550402;0.883749918940672,-1.5171816725264544;-0.1777457235946804;-0.006440752626126263
99,train/lizard/images/00228.png,lizard,lizard,-0.10259766693310812;0.4843109338388718;-0.8688593891441833;-0.6908610683038674;0.5937388473543379;0.4125350475346081;0.715670806336211;0.6425862591951856;0.27367534863705856,2.3258769541871733;-0.9777979936051406;5.177188253817484
100,train/lizard/images/00230.png,lizard,lizard,-0.16944333711608528;0.4753060853673163;-0.8633499178894745;-0.6873979932443067;0.5707567760031278;0.4491332781371423;0.7062385959367167;0.6695676424823059;0.23001351645071233,1.698653296207281;-1.1969257527924986;5.211230284302566
101,train/lizard/images/00231.png,lizard,lizard,-0.20682745223396015;0.46354946762230825;-0.8615940436594742;-0.6790397050045491;0.5659837763684183;0.4675119719483976;0.7043631762306604;0.6817508752871675;0.1977075112772324,1.3765259311773694;-1.2226193356803583;5.188666229369456
102,train/lizard/images/00233.png,lizard,lizard,-0.12695438134533577;0.4540168728578518;-0.8819020717843906;-0.710936816035098;0.5783569059534387;0.40009015601716913;0.6917018350872728;0.6777698492086696;0.24935236682365158,1.4973152787770758;-1.3085722574279848;5.00350237731181
103,train/lizard/images/00634.png,lizard,lizard,0.98840436593033;-0.14459568375461673;0.046356204001160625;0.15144303697528172;0.9609188526756532;-0.23173252927504506;-0.01103702684448191;0.23606576798011403;0.9716743987706958,0.9761493682971113;-0.7247442663379058;0.8045219638064296
104,train/lizard/images/00555.png,lizard,lizard,0.9195333448576755;-0.14510981196866046;0.36524179684871116;0.0978184294239068;0.9845975969561735;0.1449107550638274;-0.38064416790474453;-0.09752289238198598;0.9195647355687125,-1.3021828895056498;0.03492518589829595;-0.39786304034646375
105,train/lizard/images/00562.png,lizard,lizard,0.9899851813841976;-0.029700665179606893;0.13801163402983951;0.0831317047500213;0.9127876306406711;-0.3998848096824197;-0.11409846758415626;0.40735317825847217;0.9061152950136471,-0.9791300370048248;1.4170535090523446;-0.5552384202291539
106,train/lizard/images/00178.png,lizard,lizard,-0.8773441745644339;0.19212302167943268;-0.43972257606201764;-0.24577263857152215;0.60713054862254;0.7556376823973813;0.4121444036832777;0.7710260964909411;-0.4854438680656066,-3.6236367956964335;-0.22197987914242395;7.493993143286793
107,train/lizard/images/00180.png,lizard,lizard,-0.9900437661472874;-0.1349484173693027;0.04002831201057928;-0.012337536728194973;0.3664727700227065;0.9303469750686381;-0.14021813827168095;0.9205903722510925;-0.3644890124794149,-7.3071794237164625;0.2628746737264215;3.643101609494073
108,train/lizard/images/00186.png,lizard,lizard,0.01588895182392258;0.5063987366036895;-0.8621530379092361;-0.4083246832900489;0.790370732929831;0.4567111313993159;0.9126984684034585;0.34478170498758925;0.21933326624074279,2.4001488798587562;0.16140890452376677;6.907103895851566
109,train/lizard/images/00189.png,lizard,lizard,0.1571930536459314;0.5170210298645214;-0.8414152355188829;-0.5056634167388178;0.7739848330146828;0.38111938711545285;0.8482893685868591;0.36556358262423144;0.3831036598643305,2.938831895018031;-0.3010824249850948;5.5373337977968715
110,train/lizard/images/00587.png,lizard,lizard,1.0;0.0;0.0;0.0;1.0;0.0;0.0;0.0;1.0,0.0;0.0;0.0
111,train/lizard/images/00191.png,lizard,lizard,-0.12002343589174846;0.5366325377327866;-0.83523643017005;-0.5831577833681004;0.6427643528906692;0.4967705570484657;0.803443448248813;0.5466987343130664;0.23579465508477593,1.6755775145472946;-0.8239011466706777;5.090215178355608
112,train/lizard/images/00192.png,lizard,lizard,-0.3947373072723781;0.4818624620893451;-0.782298552904546;-0.6009181102413289;0.5086913264472883;0.6165472886821323;0.69503948307369;0.7134715845963965;0.08876043568034642,0.300067452646083;-1.2709093006333614;5.019915771305995
113,train/lizard/images/00591.png,lizard,lizard,1.0;0.0;0.0;0.0;1.0;0.0;0.0;0.0;1.0,0.0;0.0;0.0
114,train/lizard/images/00592.png,lizard,lizard,1.0;0.0;0.0;0.0;1.0;0.0;0.0;0.0;1.0,0.0;0.0;0.0
115,train/lizard/images/00196.png,lizard,lizard,-0.9914618438285068;-0.01365206977476112;-0.12968050440618778;-0.12259202207720034;0.43649481721351135;0.8913155842173783;0.04443656551986728;0.8996031878203903;-0.4344415911353221,-4.248025414649388;0.879301615183506;1.4812754499866823
116,train/lizard/images/00593.png,lizard,lizard,1.0;0.0;0.0;0.0;1.0;0.0;0.0;0.0;1.0,0.0;0.0;0.0
117,train/lizard/images/00198.png,lizard,lizard,-0.8114328119661416;0.1836109336004798;-0.5548547708428586;-0.38817775188396114;0.5404074362643732;0.7465104391584095;0.4369151228866253;0.8211253423762584;-0.3672306461890644,-3.987122304280433;-0.06017809105809174;2.598741099891135
118,train/lizard/images/00597.png,lizard,lizard,1.0;0.0;0.0;0.0;1.0;0.0;0.0;0.0;1.0,0.0;0.0;0.0
119,train/lizard/images/00205.png,lizard,lizard,0.8346195050372163;0.32448203334044634;-0.4451086292700712;-0.29678386910396437;0.9456543347144266;0.13288045106597174;0.46403622364112174;0.02119644486853045;0.8855625860851519,1.8499786406906187;-0.43510829651833227;2.7035058280766617
120,train/lizard/images/00602.png,lizard,lizard,1.0;0.0;0.0;0.0;1.0;0.0;0.0;0.0;1.0,0.0;0.0;0.0
121,train/lizard/images/00210.png,lizard,lizard,-0.23482737521911612;0.4666683338307918;-0.852687967575064;-0.5336263310725655;0.671319907916262;0.5143661342092173;0.8124647947041974;0.5758040008847581;0.09138221890155795,-1.8532360374407775;-0.34848165253147556;1.8650785701815324
122,train/lizard/images/00609.png,lizard,lizard,1.0;0.0;0.0;0.0;1.0;0.0;0.0;0.0;1.0,0.0;0.0;0.0
123,train/lizard/images/00613.png,lizard,lizard,1.0;0.0;0.0;0.0;1.0;0.0;0.0;0.0;1.0,0.0;0.0;0.0
124,train/lizard/images/00223.png,lizard,lizard,-0.06443589598289723;0.5093925333496441;-0.8581184430348257;-0.6361527496232442;0.6415628526847879;0.42861029525869226;0.7688678003764156;0.5735122954415094;0.28271178348583825,3.171454124428423;-0.46866928335636554;5.1721569713749425
125,train/lizard/images/00621.png,lizard,lizard,1.0;0.0;0.0;0.0;1.0;0.0;0.0;0.0;1.0,0.0;0.0;0.0
126,train/lizard/images/00636.png,lizard,lizard,0.9705046918842917;0.05687032824180114;-0.2342784855599121;-0.0537086284901294;0.9983591554458734;0.019859002067364278;0.23502345894885773;-0.006690478538349416;0.9719666718775096,0.747082878301847;-0.4482362022512325;1.1226013684448097
127,train/lizard/images/00638.png,lizard,lizard,0.9542455778140659;0.08922183507061546;-0.28540294562062846;-0.05263471870850662;0.989663410658834;0.1334013492795348;0.29435516575860515;-0.11227554386310472;0.9490780993371769,0.8697849763063714;-0.040762079466043155;1.1625633616192024
128,train/lizard/images/00241.png,lizard,lizard,1.0;0.0;0.0;0.0;1.0;0.0;0.0;0.0;1.0,0.0;0.0;0.0
129,train/lizard/images/00642.png,lizard,lizard,0.9451820514819285;-0.03716230623987771;-0.3244223367022477;-0.007117315903607448;0.9909225909310575;-0.13424515856003305;0.32646628213452805;0.1291951306257852;0.936337751482789,1.6072478001766304;0.3704926066444673;1.1284539461207308
130,train/lizard/images/00643.png,lizard,lizard,0.917622352267124;0.014639827564581535;-0.39718370317603613;-0.09681478116903275;0.9774539088196804;-0.18764528845755796;0.3854816685225674;0.2106407642931613;0.8983509067458274,1.7351759681305756;0.28276607452800917;1.2713443981565011
131,train/lizard/images/00647.png,lizard,lizard,0.5928910533835954;0.25453310960566145;-0.7639980987752281;-0.4002031765201064;0.9164113339618533;-0.005261605218296106;0.6987972641051962;0.30887402464553243;0.6451970401190351,1.724698448275084;0.03901727968547719;2.3955305278604664
132,train/lizard/images/00251.png,lizard,lizard,0.1822739357926091;0.5378833491545604;-0.823078194968707;-0.7850715022664793;0.5836044987298684;0.20752957714820383;0.5919788413953028;0.6083480021866859;0.5286527778946619,2.194753528795305;-1.2642658601261083;3.281485396815243
133,train/lizard/images/00252.png,lizard,lizard,0.13795520608085954;0.5717731186709571;-0.8087297829809874;-0.7612808416784291;0.5835476049828446;0.28270775159547434;0.6335770207390496;0.5766694837461693;0.515783351134327,1.8787532822380302;-1.3828896552884102;3.353579965863876
134,train/lizard/images/00254.png,lizard,lizard,0.14410247895216222;0.6314708563544376;-0.7618917463359441;-0.6778464502404808;0.6239180970008541;0.38890924150913664;0.720942900274509;0.46040282993246906;0.5179484228511109,1.570801728900005;-1.2571436239830132;3.4723196745555405
135,train/lizard/images/00256.png,lizard,lizard,0.2252121138883152;0.6856985719826907;-0.6921683120013915;-0.622501286361907;0.6477769982527057;0.43917776470637176;0.7495142775396129;0.33196751183754886;0.5727354702204668,1.5547038267178523;-1.152151208349742;3.2687714241852883
136,train/lizard/images/00261.png,lizard,lizard,0.36239882570342796;0.7104635280900427;-0.6032484284128933;-0.5986118734485142;0.6735268119909006;0.43361902460089796;0.714374492892374;0.20396864656908276;0.6693772293120974,1.2681371729645128;-1.0772011214084773;2.9204065029388904
137,train/lizard/images/00659.png,lizard,lizard,0.9853522649996685;0.07971246683153461;-0.1507542254520732;-0.0656504988814443;0.9932077187128658;0.09606476714072752;0.15738781991196302;-0.08476054577936727;0.9838926384634369,-0.00919752765983304;-0.47405945981806835;0.8402639269530386
138,train/lizard/images/00667.png,lizard,lizard,0.9810421118741393;-0.1900647142333441;-0.037838857447419834;0.19224300912132014;0.9791148450451079;0.06615697738163565;0.024474480045732015;-0.07217703662309416;0.9970915079423751,-1.6313648019057785;-0.6156205901167848;0.1152474208017051
139,train/lizard/images/00668.png,lizard,lizard,0.9665409229901971;-0.25550208029290644;0.022744914843873927;0.2534030927540263;0.9648280614319111;0.06995487442798122;-0.03981854803922703;-0.06185061713141969;0.997290822374552,-1.8885708590353045;-0.7137782817879134;0.13674970337017264
140,train/lizard/images/00675.png,lizard,lizard,1.0;0.0;0.0;0.0;1.0;0.0;0.0;0.0;1.0,0.0;0.0;0.0
141,train/lizard/images/00683.png,lizard,lizard,1.0;0.0;0.0;0.0;1.0;0.0;0.0;0.0;1.0,0.0;0.0;0.0
142,train/lizard/images/00684.png,lizard,lizard,1.0;0.0;0.0;0.0;1.0;0.0;0.0;0.0;1.0,0.0;0.0;0.0
143,train/lizard/images/00689.png,lizard,lizard,1.0;0.0;0.0;0.0;1.0;0.0;0.0;0.0;1.0,0.0;0.0;0.0
144,train/lizard/images/00694.png,lizard,lizard,1.0;0.0;0.0;0.0;1.0;0.0;0.0;0.0;1.0,0.0;0.0;0.0
145,train/lizard/images/00701.png,lizard,lizard,1.0;0.0;0.0;0.0;1.0;0.0;0.0;0.0;1.0,0.0;0.0;0.0
146,train/lizard/images/00712.png,lizard,lizard,1.0;0.0;0.0;0.0;1.0;0.0;0.0;0.0;1.0,0.0;0.0;0.0
147,train/lizard/images/00721.png,lizard,lizard,-0.9864545291014946;-0.023572617156011055;-0.16233235578764124;-0.1499815413776841;0.5303871775823281;0.8343829930566814;0.06643040915968557;0.847427739442525;-0.526738290958811,0.009666958673074768;0.6969594908444305;2.2037626272551747
148,train/lizard/images/00730.png,lizard,lizard,1.0;0.0;0.0;0.0;1.0;0.0;0.0;0.0;1.0,0.0;0.0;0.0
149,train/lizard/images/00731.png,lizard,lizard,1.0;0.0;0.0;0.0;1.0;0.0;0.0;0.0;1.0,0.0;0.0;0.0
