,image_path,dataset,scene,rotation_matrix,translation_vector
0,train/church/images/00059.png,church,church,0.9613327619593955;-0.006847714864501864;-0.2753042491220481;0.07082740624313928;0.9722099474847509;0.2231396346160119;0.26612553298845554;-0.23401052714105078;0.9351022799024596,-0.4251841850054833;-0.4243973912331541;-2.1019730713080693
1,train/church/images/00058.png,church,church,0.9457284009598719;-0.10014112644342715;-0.30914324578183056;0.012462702629975446;0.9618099149513957;-0.27343439532060687;0.32471906728900374;0.25474191311174266;0.910858981974229,-0.5465272286028836;-0.28645665051407254;-3.058617705215457
2,train/church/images/00057.png,church,church,0.9235209691073387;0.1181117134328052;0.36490908836175734;-0.15963767649196633;0.9834488790472112;0.08569780945292614;-0.3487475187915869;-0.137396963033215;0.9270907413441044,-2.5035351738774407;-0.8094919489135889;-1.3610575582453157
3,train/church/images/00056.png,church,church,0.1191074002097996;0.3067756573805349;0.9442998058106352;-0.5659714296604106;0.8024001858167227;-0.18928888665064292;-0.8157755622862294;-0.5119010039451278;0.2691980574531635,-4.721685567714976;2.9535935528556005;4.798832405943629
4,train/church/images/00055.png,church,church,0.9911256717103273;0.054050710853459194;0.12144308762950773;-0.07328717259048326;0.9843944629844753;0.1599891608178477;-0.11090037515917278;-0.16746958500498577;0.9796198471283708,-2.279028265293266;-0.9763674294473539;-1.5753042656843679
5,train/church/images/00054.png,church,church,0.32756556087312705;0.3182362275044165;0.8896215525905559;-0.4510708420400258;0.8800114868380304;-0.1487107208456102;-0.8302023240097415;-0.3525698321423377;0.43180853936895225,-5.750066324741467;1.983896718673581;3.993258469016807
6,train/church/images/00053.png,church,church,0.9319650433392596;0.11138328848148239;0.3450143780202542;-0.23671877780558315;0.9077351285440791;0.3463829624004263;-0.27460039735565384;-0.4044881944558024;0.8723439243314542,-2.826743932042197;-0.20968336088914252;0.0003358724600736688
7,train/church/images/00052.png,church,church,0.99855877770536;0.04383587589121439;0.030964228594097767;-0.03875886186802556;0.9880910936714721;-0.14890849953514887;-0.037123013001005276;0.1474937510268288;0.988366063416669,-2.3061166253488667;-0.05490477804353733;0.2944308749362687
8,train/church/images/00051.png,church,church,0.9769729931947648;0.11272911508276309;0.18115164139670153;-0.14619834712471588;0.9720779319257534;0.18354982310247933;-0.1554021038019211;-0.20580729062792583;0.966174697070012,-2.2404060540488233;0.261549704385738;0.5638691604483431
9,train/church/images/00050.png,church,church,0.9529712279449453;0.175982802889776;0.24673040306407593;-0.19629517495155366;0.9787011330203254;0.06010238360889195;-0.23089833910152333;-0.10570782994551406;0.967218595607202,-2.262842092907994;0.39471952606309607;0.8370024228432635
10,train/church/images/00049.png,church,church,0.9179345806200643;0.16139592448479229;0.36241890301357904;-0.2197235513430164;0.9674314661170943;0.12568977425288913;-0.33032963337714594;-0.19500695866104018;0.9235012828289367,-2.1869815513288926;0.5131247826721685;1.134600297859824
11,train/church/images/00048.png,church,church,0.8169414760043168;0.2380778650248141;0.5252861648369531;-0.34447511628962957;0.9319265290577838;0.1133571290019197;-0.4625402891004571;-0.273554152999983;0.8433413344164553,-4.08470397769042;0.6104650519189745;1.0699073671290436
12,train/church/images/00047.png,church,church,1.0;0.0;0.0;0.0;1.0;0.0;0.0;0.0;1.0,0.0;0.0;0.0
13,train/church/images/00046.png,church,church,1.0;0.0;0.0;0.0;1.0;0.0;0.0;0.0;1.0,0.0;0.0;0.0
14,train/church/images/00045.png,church,church,0.9703024641159834;0.1639153253538293;0.17789011845686933;-0.2002508629914192;0.9568436797135368;0.21059383766732206;-0.1356934781101972;-0.23996236935487789;0.9612519655594731,-1.3114029562615308;0.6312799418938264;1.1325637126917787
15,train/church/images/00044.png,church,church,0.8786849888859286;0.24299013888252755;0.4109361053891292;-0.30708359631842175;0.9467464924098724;0.09680260317650588;-0.36553023839168236;-0.2112507313962568;0.9065102168789199,-3.322818985293585;0.6419889745137614;0.978136506799147
16,train/church/images/00043.png,church,church,0.6798597595858615;0.20724181857834145;0.7034497394471025;-0.22089404707863275;0.9725591986439946;-0.07303714875440956;-0.6992828664146417;-0.1057328414698705;0.70698234700283,-2.9378930443352074;1.9311991362899645;7.1521618996442
17,train/church/images/00042.png,church,church,0.7937544724223535;0.19997434213402043;0.5744250168625815;-0.2566860260574123;0.9663217720428937;0.018289803244844763;-0.5514219088287704;-0.16196448797173846;0.818352847553968,-4.177658948035537;2.3957053566102293;6.244496384384468
18,train/church/images/00041.png,church,church,1.0;0.0;0.0;0.0;1.0;0.0;0.0;0.0;1.0,0.0;0.0;0.0
19,train/church/images/00040.png,church,church,0.6927670799455605;0.31295896669169865;0.6497156748231997;-0.4372752267749985;0.8987089982509002;0.03335434771865739;-0.5734667810715589;-0.307211363120129;0.7594452115704576,-2.901732949932955;1.16289257030732;1.7563666576644736
20,train/church/images/00039.png,church,church,0.6534669929158847;0.2522216983415671;0.7136981883507667;-0.3412407185171787;0.9397700412737736;-0.01967337160146801;-0.6756742271208445;-0.23068698361629633;0.7001770164713093,-1.3897024358630137;0.6551664480989698;1.7107131554244146
21,train/church/images/00038.png,church,church,0.5222647811494667;0.2743167512219131;0.807458864816007;-0.3874221324204292;0.9198216625062003;-0.06190476956694847;-0.7596996707131753;-0.280496754318806;0.5866668399823773,-3.3232779997249584;0.9104405140997491;2.431787997296126
22,train/church/images/00037.png,church,church,1.0;0.0;0.0;0.0;1.0;0.0;0.0;0.0;1.0,0.0;0.0;0.0
23,train/church/images/00035.png,church,church,-0.3822588123890345;0.22142067041607477;0.897134932473049;-0.37996497518883104;0.8473286202704211;-0.37102671992779107;-0.8423210895974748;-0.48270808568235163;-0.2397667325468722,-0.6489927732964293;0.9668442361017343;2.849580420410733
24,train/church/images/00034.png,church,church,0.11614141461345451;0.30739638160207566;0.944467382385192;-0.31747970821355315;0.9125057580252939;-0.25795324468461545;-0.9411258187321304;-0.26989017423506734;0.20357182311690925,-1.9213197079977677;0.8974245154096929;3.581875696277226
25,train/church/images/00033.png,church,church,0.8922230787180547;0.21582633483668118;0.39668245612056086;-0.24544361870684817;0.9690938001224616;0.024791865607369554;-0.3790717713559838;-0.11948305216712247;0.9176210505463928,-1.4673498566726164;0.6449917996540775;1.6370071581854486
26,train/church/images/00032.png,church,church,0.9894039021551817;0.08734170189018134;0.11597993581230477;-0.09956199174335606;0.9895682532481849;0.10412531855140753;-0.10567557996148184;-0.11456918989965359;0.9877786050150821,-0.5264717839322326;0.56459882775319;1.5965393256514697
27,train/church/images/00031.png,church,church,0.9992990611756828;0.03730063204526119;-0.003170044545910872;-0.03629920883036237;0.9861989258751485;0.16153651612249517;0.009151708675912267;-0.1613082187978264;0.986861644191618,-0.7336999562820492;0.6219473530310781;1.4382562902625193
28,train/church/images/00030.png,church,church,0.9724531552912165;0.07833840781277233;0.21954032573884238;-0.1344595607793625;0.9578672496532828;0.25379314127193503;-0.1904087374024054;-0.27632123679336557;0.9420143771821142,-2.2008148256036106;0.23954164960846272;0.5602638967004209
29,train/church/images/00060.png,church,church,0.950273632187749;-0.043135909025679715;-0.30841419766481415;0.03684048556153489;0.9989774081713336;-0.02620909359125157;0.30922936890323516;0.013543681767264336;0.950891037970121,-0.618547982813552;-0.9750944921740188;-2.8728139283779077
30,train/church/images/00015.png,church,church,0.9839284753985164;0.08101284276475362;0.1591278561632895;-0.06998891666770166;0.9948208456406938;-0.07370913527112015;-0.16427509501939958;0.06138733082573376;0.9845025590471866,1.7102345966283174;0.7933271642241791;3.845403788944765
31,train/church/images/00016.png,church,church,0.9906415768632851;0.11469408913651438;0.07399008113909135;-0.1279843679499206;0.9689466090757846;0.21157143077693205;-0.047426445684695395;-0.2190610295732313;0.9745578472168969,-0.19585235202307738;1.9226673771625413;3.5934053510172252
32,train/church/images/00017.png,church,church,0.9632429857132138;-0.042124577146389376;-0.26530825557176185;0.0780752125326005;0.9888954993821285;0.12645138389816044;0.25703542880755303;-0.14251740701405066;0.9558355386967513,0.6243998096719595;1.2488099725273782;2.8918129358579696
33,train/church/images/00018.png,church,church,0.9656242667344421;-0.05630373535233677;-0.2537708905271546;0.09249258415610714;0.9867899732045838;0.13300628052472596;0.24292981984453144;-0.15190601755121713;0.9580760222769552,0.6477500826143615;1.2943717890447717;2.879733011671325
34,train/church/images/00019.png,church,church,0.9983224558663664;-0.03383200762556613;0.046985842260948346;0.03025457703167286;0.9967344413595197;0.07486730912995787;-0.04936531861116321;-0.07332017913064409;0.9960859484254703,1.5850325855809602;1.0518707326334533;2.666259327654044
35,train/church/images/00020.png,church,church,0.991796424714998;0.11121656906754322;0.06301370237806815;-0.11681707072714846;0.9887380062748032;0.09354638921121242;-0.05190013400055685;-0.10014005049215641;0.993618813417979,-0.24104853228291587;1.477056202069197;3.784128602390749
36,train/church/images/00021.png,church,church,0.9844690313305866;0.1401950426246336;0.10566965682963841;-0.1481542941120508;0.9863664402231062;0.07163484304273689;-0.09418615337286224;-0.08617769795645953;0.9918177115215018,-1.2461232101087913;0.758603914310546;1.9514570887564566
37,train/church/images/00022.png,church,church,0.9519213775535501;0.14186767041343856;0.2715129003344326;-0.1731257754092866;0.9803319286856075;0.09474584681393847;-0.2527313926790355;-0.13719647842062493;0.9577598704599677,-0.8489215091270719;0.6967216560483314;1.7728110049576842
38,train/church/images/00023.png,church,church,0.9992864972515768;0.0048158248354773486;-0.037460702633937165;0.0007560699054983129;0.9890882145700401;0.14732254463234168;0.03776141905400626;-0.14724575250174216;0.9883788563102832,0.9093386257165658;1.1430784882276595;2.625866783130315
39,train/church/images/00024.png,church,church,0.8541179744159523;0.21724050359048805;0.4725347070632398;-0.23478397535479514;0.971789732467727;-0.02238751408492072;-0.4640678513926489;-0.09182199883499995;0.8810276668946075,0.47436218417915926;0.4882334413950954;1.839480220490626
40,train/church/images/00025.png,church,church,0.8207569725551594;0.17742366665678147;0.5430274712315689;-0.18542318075022265;0.9818224004375983;-0.0405341589208737;-0.540348254408728;-0.06742118738954155;0.8387360415818703,0.6102932495714998;0.4366914554178899;1.787991345546122
41,train/church/images/00026.png,church,church,0.9816016394800837;0.14179517329965002;0.12787630820028392;-0.1664473932017267;0.9636050312595638;0.20919036552290096;-0.09356006982875534;-0.22662628391291542;0.969477715459959,-1.5592745312824752;0.5860433610833581;0.8780188546363549
42,train/church/images/00027.png,church,church,0.7939882299043133;0.1734680796433704;0.5826590050091535;-0.2433124945246723;0.9689909921149409;0.04307536660649419;-0.5571191262033611;-0.17596955005041032;0.8115743938009993,0.9592655424380411;0.6346315239422382;1.7002644086545269
43,train/church/images/00028.png,church,church,0.9615705460674561;0.10359658861411677;0.2542633118699036;-0.173096283308556;0.9475916608256468;0.26852880858197786;-0.21311912546812525;-0.3022214273694204;0.9291084152016339,1.771285942709409;1.2876824393235486;2.1240176366050796
44,train/church/images/00029.png,church,church,0.9994707705235648;-0.0027381550480687954;-0.03241421564629315;0.0030847716696902963;0.9999385483577675;0.01064817786790072;0.03238306737752828;-0.01074253299242362;0.9994177979864723,-0.45483771170301207;0.48615963331954304;1.9977167812242977
45,train/church/images/00061.png,church,church,0.16723231919213832;0.31667773573625446;0.9336747630232799;-0.4757976326317952;0.8553568480076137;-0.20489332675433636;-0.8635102571478802;-0.40997545567440863;0.2937178263996978,-5.227478560657152;2.0172441322525336;4.095673881797092
46,train/church/images/00062.png,church,church,0.04036399728547624;0.2938534996365731;0.9549978368951821;-0.5101605365243393;0.8278686194875604;-0.2331732742853671;-0.8591315235144945;-0.4777904034397294;0.1833285457438757,-4.582311444907964;2.3603938816915893;4.655567277596039
47,train/church/images/00063.png,church,church,0.5016226946109245;0.25816116828115143;0.8256679014246505;-0.7325428229473735;0.6344560795396417;0.24667082454858927;-0.4601691914932685;-0.7285727790186091;0.5073716792190246,-5.1565738847156695;0.3206539059222417;0.4917901604927925
48,train/church/images/00064.png,church,church,0.811204604767892;-0.1274146238346568;-0.5707123643626806;0.303438049583505;0.926010297424123;0.22456687006200532;0.4998724229924336;-0.355345525788014;0.7898462622777381,0.2651471969486824;-1.5147307879448806;-2.0180029015240377
49,train/church/images/00065.png,church,church,0.20352469758557856;-0.3310129244607228;-0.9214163778187681;0.6463227069112658;0.7523350992315294;-0.1275102231006552;0.7354214138870263;-0.5695808479085692;0.367059942914182,5.375325235196426;0.9134337122988457;0.629593257215425
50,train/church/images/00066.png,church,church,0.4752803377917334;-0.24491585685818235;-0.8450590651356852;0.34216292540696064;0.9363201204982669;-0.07892505576217049;0.8105758033555693;-0.2516363547056215;0.5288156692127608,4.636795198117775;0.5971118909649629;1.220004315949868
51,train/church/images/00067.png,church,church,0.45597888218627247;-0.1995262837194889;-0.86733645207915;0.48745392183353176;0.8713630445786333;0.055813247815943046;0.744628721638688;-0.4482362174654618;0.49458301655332715,4.623627479295811;0.6824637227476569;1.159762205785125
52,train/church/images/00068.png,church,church,0.500938218358761;-0.2153039554367559;-0.8382750790527163;0.5426134648039549;0.8326979448878559;0.110384602155321;0.6742636941145483;-0.5101552110415308;0.5339570501886587,4.695378430350486;0.7002907256162895;0.7403400763638855
53,train/church/images/00069.png,church,church,0.5214965415022156;-0.21452674387912862;-0.8258447998031148;0.34531482516819334;0.9381365823287118;-0.025640288915381823;0.7802557457143703;-0.27180513066758494;0.5633142481976549,4.692899841266799;0.4312316261402688;1.0116682326781983
54,train/church/images/00070.png,church,church,0.3231139612923575;-0.2534451968342431;-0.9117910397780911;0.395643598082482;0.9114092925052802;-0.11313374753526009;0.8596880313894735;-0.3241891943552041;0.39476303645226885,4.785124032355217;2.0677262135726164;4.08998000070256
55,train/church/images/00071.png,church,church,0.6708454679875092;-0.22834944227951884;-0.7055656527150769;0.2701068533237205;0.9612980004512205;-0.05429955907779894;0.6906581251735029;-0.1541515051471049;0.7065611563005032,3.4012419258491016;0.6309176002242373;0.9394000764274038
56,train/church/images/00072.png,church,church,0.6878681148905315;-0.18290916260301113;-0.7024113429841604;0.3383360677498467;0.9369630289133568;0.08734407655404663;0.6421574275647038;-0.29773229701423604;0.7063917592512734,3.457229732444015;0.5889092416873837;0.6555136183186316
57,train/church/images/00073.png,church,church,0.4190004865777657;-0.26927869090724516;-0.8671375778219256;0.22350481846890696;0.9562144877232563;-0.18894297973021212;0.8800478330004436;-0.11464222647624533;0.46083942055752214,5.230745971620332;1.250006295333057;3.8639451428748304
58,train/church/images/00074.png,church,church,0.8113018711414359;-0.16881709125782973;-0.5597232026472106;0.14597264198779164;0.9855719253919354;-0.0856736112833896;0.5661106443739677;-0.012197113530623395;0.8242390240385444,3.5987379420660472;0.28170579814200114;0.6333057206722341
59,train/church/images/00075.png,church,church,0.3131673646120199;-0.31446468480961903;-0.8961239667309147;0.15754833973621324;0.9477162754095715;-0.27751104837496454;0.9365386924138934;-0.054275439485978724;0.3463371973673618,2.632438249135011;0.6855489331674163;2.6242926375220557
60,train/church/images/00076.png,church,church,0.3918837725970864;-0.25437874780786635;-0.8841484951289442;0.29996580549036683;0.943828410186269;-0.13859454412701636;0.8697399751141661;-0.21090136270058094;0.4461759640539229,4.389571200174888;1.3257863276772497;3.285925414979527
61,train/church/images/00077.png,church,church,0.4580804035090438;-0.2617935229930736;-0.8494860182721473;0.29425882159075994;0.9464275017700389;-0.13299146517480126;0.8387932342580078;-0.18904797066405687;0.510574945478911,4.366753762780375;1.2154637118633569;2.806299741954938
62,train/church/images/00078.png,church,church,0.8162263597032365;-0.15836113614567549;-0.555604427883952;0.11291607476308696;0.9868799983739349;-0.11540289801196119;0.5665902309303432;0.03145821622586049;0.8233989864252854,2.4447497079821248;0.28511757708893665;0.5621318066574453
63,train/church/images/00079.png,church,church,0.4949002448565819;-0.2510561114473;-0.8318921664169319;0.3937152123773411;0.9182314441751659;-0.04288760276180695;0.7746367401457026;-0.3063035158677585;0.5532775767944056,4.382125369785083;1.3949805910770472;2.156984479625732
64,train/church/images/00080.png,church,church,0.4965393448764891;-0.18716853394000452;-0.8475946076352636;0.25495800460498946;0.9648515515165779;-0.06370164380841904;0.8297259155151593;-0.18447065739244795;0.5268068732312904,4.1241394590880605;0.7740889431472757;2.447842153355111
65,train/church/images/00081.png,church,church,0.851943432485069;-0.12768899497547617;-0.5078266519273201;0.1547963630151861;0.9878818248319317;0.01129540455244682;0.5002304207491078;-0.088232764486247;0.8613852247561976,1.7279463691293593;0.16108122573571362;0.1621356139562061
66,train/church/images/00082.png,church,church,0.5166776044487;-0.2259119116060566;-0.8258377935500713;0.23644505835043797;0.9646994477925992;-0.11596857251131504;0.822883945306269;-0.1353469010474619;0.5518543548202169,4.024960332129126;0.8907943390387036;2.518575220675567
67,train/church/images/00083.png,church,church,0.9012450113031125;-0.14495924646822306;-0.4083432948691795;0.1821278306766096;0.9818221509917954;0.053429552823100676;0.3931753843951639;-0.12252379640383838;0.9112634286640202,1.7594822150840637;0.11396067745264853;-0.32746574168367315
68,train/church/images/00084.png,church,church,0.9440765131602664;-0.09362618937319758;-0.31615450963509495;0.11738525534131014;0.9914540562930272;0.056917098384916626;0.30812373996108877;-0.09084597362325425;0.9469988225699303,1.6455953483867864;0.009421036125195783;-0.4604413917465363
69,train/church/images/00085.png,church,church,0.9080821192346195;-0.15049625872650096;-0.3908167612010626;0.13330573266376533;0.988533980793785;-0.07092355359800864;0.3970093781831093;0.012306296165742327;0.9177320462473466,1.1052517957116381;0.1128294221060052;-0.2658314396325162
70,train/church/images/00086.png,church,church,0.6146188719356069;-0.2041053697301368;-0.7619610490752964;0.2298750645944936;0.970363981496848;-0.07450636275689636;0.7545867060439637;-0.1293628287450031;0.6433227507253352,3.601512288320948;1.030857966260315;2.5668197637888475
71,train/church/images/00087.png,church,church,0.8468240654535186;-0.1603177184453257;-0.5071363044796342;0.1812962475116122;0.9833948153885301;-0.00814295432672272;0.5000206723796359;-0.08504625929130641;0.8618273962769881,1.130944222536239;0.14806889851617414;-0.08795684707903349
72,train/church/images/00088.png,church,church,0.6964705205629221;-0.18472490682377282;-0.6934014153329663;0.287579966255997;0.9571578325313572;0.03386217110691586;0.6574394093717016;-0.2229923595615394;0.7197553963550154,3.882844751875469;1.0910273357392326;1.888034050048211
73,train/church/images/00089.png,church,church,0.6630353789306559;-0.17535768199738522;-0.727759417425007;0.1681616299079688;0.9822195356162376;-0.08346526271759873;0.729455792020995;-0.06704078772155318;0.6807347356119686,3.4311586922370774;0.8637330373982084;2.5847244700006633
74,train/church/images/00090.png,church,church,0.991734614153758;-0.0032543756101993697;-0.1282648203081599;-0.017927633468210344;0.9863569852467737;-0.1636413688928481;0.12704745195212025;0.16458829452389204;0.9781460209284656,0.4826193559935035;-0.001206985455974496;-0.27143623150269225
75,train/church/images/00091.png,church,church,0.8682060385859696;-0.17016075689330037;-0.46611542709543224;0.053033011643744445;0.9658028589558796;-0.2537958575482348;0.49336170730900114;0.19562759121900103;0.8475400116307188,0.5166362723931051;0.13996466232655555;-0.10714549076684235
76,train/church/images/00092.png,church,church,0.9134362771291193;-0.1197747934218019;-0.388957795249381;0.14326212474651795;0.9891725985861711;0.031836045913315375;0.38093323724454375;-0.08480311944171792;0.9207053272873715,0.5105273146444402;0.10730365904419069;-0.0622750153963913
77,train/church/images/00093.png,church,church,0.9741498851547737;-0.10072099695010156;-0.20220603855058006;0.14577096131987677;0.9640769435852699;0.2220506106345207;0.17257702074384074;-0.24578634547236783;0.9538376404244686,0.4681251462091516;-0.0006671784100682772;-0.45947323077183644
78,train/church/images/00094.png,church,church,0.7764091953704932;-0.160448113733752;-0.6094630129412484;0.2061647822969545;0.9785043303436612;0.005035676633027501;0.5955542325301639;-0.1295595550238733;0.7927985102265414,2.8193512677785137;0.5207686689295923;0.8234443837175064
79,train/church/images/00095.png,church,church,0.7441247777554882;-0.15533975810005496;-0.649729077911526;0.19264261070444888;0.9811698053042467;-0.013951261598898278;0.6396617384769231;-0.11478402638278173;0.7600378198590103,2.55110880111914;0.4145097397532668;0.9064276521481882
80,train/church/images/00096.png,church,church,0.9654749497855427;0.09958286561872413;0.24071014563529922;-0.039187571636257426;0.9690530028415469;-0.24372240749064078;-0.25753146519572523;0.22587503305798073;0.9394988099381495,-0.5198564991204598;0.04865346463421229;-1.0277162836134026
81,train/church/images/00097.png,church,church,0.8486103572286126;-0.15011144156907685;-0.5072741041235796;0.23796243831791103;0.9647249331557947;0.11260409094407652;0.4724768137740953;-0.21626918055423683;0.8543964548078824,2.294869391828501;0.20966895309977485;0.16764371347762855
82,train/church/images/00001.png,church,church,0.9681628356615125;0.10912466430521331;0.22528322459547143;-0.12289020990878771;0.9912602556833833;0.047969801032395815;-0.21807961837923598;-0.07412768135310893;0.9731116929236739,1.72273737087481;1.6106898822587545;4.675831533091842
83,train/church/images/00098.png,church,church,1.0;0.0;0.0;0.0;1.0;0.0;0.0;0.0;1.0,0.0;0.0;0.0
84,train/church/images/00002.png,church,church,0.9969528526890529;0.035551987799151176;-0.06943389430738223;-0.03924309923386143;0.99784744496603;-0.0525400393727218;0.0674165311899168;0.055104743337528204;0.9962020269925294,-0.18098162615371916;1.1933184348726635;5.1252824750002635
85,train/church/images/00099.png,church,church,0.9952607653255504;0.07793985248779314;0.05814970677295538;-0.09015223417748194;0.9636934168021276;0.25133159985375736;-0.03644974178794829;-0.255382806403293;0.9661526993789181,-1.7765891977314474;-0.7149875861686366;-1.2960783830651692
86,train/church/images/00003.png,church,church,0.9894247919229654;0.11212017947760332;0.09201981570350246;-0.11837983136944234;0.9907968547972251;0.06563389405534972;-0.08381405999675073;-0.07583309223443613;0.9935917398353433,0.742866822375015;1.732876493057282;4.909899345064723
87,train/church/images/00100.png,church,church,0.9916886554458042;0.10264332137163279;0.07757550668795403;-0.11012174808739528;0.9889532854706129;0.0992199564354708;-0.06653428633621421;-0.10693805559612621;0.9920370159460031,-2.2715107142733797;-0.5232598512584808;-1.4812518968990285
88,train/church/images/00004.png,church,church,0.9867176502652197;-0.015293010442207267;-0.16172322803697073;0.003328207393504378;0.9972529264429217;-0.07399678193390792;0.16241059599247;0.07247568235375944;0.9840579626102964,-0.07715099063070772;0.9898957380577474;4.7534449898960265
89,train/church/images/00101.png,church,church,0.9782839578363195;-0.043376192257365574;-0.20267955936738719;0.01312288779038584;0.9888571473893245;-0.14828800313271717;0.2068532998435053;0.14240803348933606;0.9679523047865287,0.186907545011475;0.5231411931714448;2.087003547246638
90,train/church/images/00005.png,church,church,0.9783296308646888;-0.011645808292462832;-0.2067256842324555;0.032876826353308505;0.9944877133457797;0.09956556780944328;0.20442663148693738;-0.1042044296251251;0.9733196747140203,-0.2848250265642756;1.8145265926062497;4.507517152506199
91,train/church/images/00102.png,church,church,0.8901860429723543;-0.07160403165888013;-0.4499351859406151;0.0020090769968699115;0.9881796758421835;-0.15328695920416;0.45559277047253777;0.1355499572210602;0.8798076133965461,-0.0016418186816149532;0.5679238910914641;2.2836886673215058
92,train/church/images/00006.png,church,church,0.9877461766042086;-0.07012803145930305;0.13942578602041492;0.08057886150677349;0.9942323161702156;-0.07077533865041338;-0.13365828699351098;0.08114284125202595;0.987700005888179,0.6858792126959492;1.106339611877302;5.093045775768073
93,train/church/images/00103.png,church,church,0.9742332493305662;-0.010403932679097954;-0.22530276093207457;0.028070490852262438;0.9967618360799062;0.07535177289173327;0.22378923888811053;-0.07973456163686544;0.9713705658699244,0.3808992162697359;0.017302659788383443;-0.2988606520127442
94,train/church/images/00007.png,church,church,0.9957586630579404;0.05741693351386327;0.0718886687241301;-0.07580940582784486;0.954778007378311;0.2874924183604346;-0.05213078680676362;-0.29172290340761153;0.9550812157582941,1.7325926473103441;1.467769325653274;2.4085813039919177
95,train/church/images/00104.png,church,church,0.6986350296747814;0.18795151145677141;0.690350146412987;-0.16077963485354613;0.9814432783500291;-0.10449402087156859;-0.6971793200659911;-0.03799106108892659;0.7158894292763791,-3.317961967230686;-0.08552667895007625;0.4591508450095935
96,train/church/images/00008.png,church,church,0.9960655680915973;0.0013114891223598938;-0.08860961606194659;-0.001573829920514276;0.9999945830516406;-0.002890834958437067;0.0886053447696297;0.0030189176301382396;0.9960622365166735,-0.3234164684602849;1.4123365259744756;4.926956273683763
97,train/church/images/00105.png,church,church,0.9161387149183324;0.1693177067776146;0.3633474496943058;-0.2417905179514448;0.9563716569616367;0.1639835332868074;-0.3197298867115153;-0.23808563151106607;0.9171085168132604,-3.2573061024417473;-0.3964953310558254;-0.8174246144171881
98,train/church/images/00009.png,church,church,0.9911221211318109;0.004139062686485086;-0.1328902147009225;-0.00838752709895679;0.9994708919785358;-0.03142587272923779;0.13268982776514632;0.03226149791481066;0.9906324269677167,0.0843797811994013;1.1840606387277937;4.704864729006509
99,train/church/images/00106.png,church,church,0.9262744949020476;-0.049901564084041165;-0.3735309813066688;0.05178714414871897;0.9986456659916869;-0.004992544134990729;0.37327423135662124;-0.014719636476026188;0.9276042693450356,0.35130493596601936;-0.14081356545411425;-0.7955595146325937
100,train/church/images/00010.png,church,church,0.9858293820207055;-0.01610800748501002;-0.16697593131807026;0.003965070631180614;0.9973385006934026;-0.07280242612389734;0.16770422701757937;0.07110869939394646;0.9832694671914396,-0.10423933051649005;0.9954863409359769;4.746794570410384
101,train/church/images/00107.png,church,church,0.9969666283312073;0.04447780369185512;-0.06386913943880253;-0.033162323001055365;0.9851595671065757;0.1684069109970193;0.07041166328867736;-0.16577802121250304;0.9836461992788814,-0.6759367072918526;-0.3484941973695269;-0.9244433238678269
102,train/church/images/00011.png,church,church,0.998046066844891;0.015326487460241348;-0.06057348625904111;-0.01486770792447601;0.9998573259050841;0.008017424462180957;0.06068772294719626;-0.007101170049039037;0.9981315412646867,0.7414567849174513;1.1787500705289504;4.124751223688548
103,train/church/images/00108.png,church,church,0.9988205550531173;0.03266166624812882;-0.03592651334708819;-0.02927221529146713;0.9954086127184305;0.09113084624812624;0.03873804609570108;-0.089971713798646;0.9951906623862695,-1.5027836305524112;-0.07407202780491286;-0.4672523883716015
104,train/church/images/00012.png,church,church,0.9911018262327372;0.010546669787048733;-0.13268736863219527;-0.018893282593933462;0.9979095000129902;-0.06180350844935628;0.13175816449449684;0.0637604700439609;0.989229189090584,0.6419172934868884;0.5626603940281065;2.887458042255436
105,train/church/images/00109.png,church,church,0.9571097290164429;0.167133286542557;0.23665889197652154;-0.2068232927041358;0.966162574989791;0.15412334113986736;-0.2028918239286411;-0.19645952055978377;0.9592906569775029,-2.491441940001643;-0.0931549232870995;-0.5402316310488584
106,train/church/images/00013.png,church,church,0.9995144238763725;0.023848861122992268;0.02005363523702318;-0.02124872008252031;0.9924074429028384;-0.12114437323253666;-0.02279053219953514;0.12065943433559465;0.9924323113179438,1.0788649802031518;0.6435692447842706;4.1877913917966065
107,train/church/images/00110.png,church,church,0.9141602732718167;0.19403784138615698;0.35589367918213727;-0.26453827579080574;0.9508239678002759;0.1611002262511367;-0.3071327000064062;-0.24141892710957938;0.9205359342361571,-3.033275743731611;0.9213044505789172;1.0822543632136874
108,train/church/images/00014.png,church,church,0.9928330473820522;0.06032376481268088;0.10316774411070541;-0.043501658730076456;0.9864550989267897;-0.1581579700459934;-0.11131103141108518;0.1525364913722672;0.9820094058032431,1.455074417904329;0.464482441652253;4.09789300699625
109,train/church/images/00111.png,church,church,0.9055781678821473;0.1856055744551044;0.38141677019554887;-0.25839184561522693;0.9544776259390167;0.14901716579433114;-0.3363953566486466;-0.23350167518244733;0.9123130667222852,-3.000600876246242;0.8904045542341607;1.2521938733837774
