,image_path,dataset,scene,rotation_matrix,translation_vector
0,train/lizard/images/00502.png,lizard,lizard,0.9895793352655937;-0.09866167460712752;-0.10487427319902137;0.08080958116169368;0.9833751735934673;-0.16261328221424534;0.11917445534919521;0.15244389762707936;0.9811005592030244,-0.16804133721359943;-0.6615017249126098;1.8353410713571612
1,train/lizard/images/00492.png,lizard,lizard,0.8858524901086569;-0.14317971009583363;0.4413218059252964;0.18156068174377804;0.9823151683555994;-0.04574526055500125;-0.4269673109419812;0.1206502409255093;0.8961821437361883,-0.5038850515897324;-2.259591586109308;5.2063464992812625
2,train/lizard/images/00478.png,lizard,lizard,0.8621060668764431;-0.009560516448548932;-0.5066376673521886;0.01995121210170806;0.9996871498063008;0.01508481514064447;0.5063349470365468;-0.02311274621051735;0.8620271007178983,-7.323203637551281;-3.109976791062583;8.141308399290288
3,train/lizard/images/00476.png,lizard,lizard,0.8614319476246468;-0.054892149922884576;-0.5048978624320482;0.03977919693326416;0.9983803125350471;-0.04067391097209867;0.506312764112216;0.014953374845337885;0.8622202627390418,-6.240914871835371;-3.9337071556041416;8.726717254043296
4,train/lizard/images/00460.png,lizard,lizard,0.9841304540109089;-0.15463849783970102;-0.08702979072802094;0.11853653387126972;0.9378849474391028;-0.32606888153415803;0.13204673273529968;0.3105781066865987;0.9413314506702196,-1.0924294767387404;-0.9154998064186646;1.214110275713509
5,train/lizard/images/00457.png,lizard,lizard,0.998943967042215;0.04570142824856978;0.004725480504968389;-0.04588830533931004;0.9873068164354856;0.1520510231899561;0.0022834498129491072;-0.15210729659048955;0.988361348991797,-1.5267642153309726;-1.0001068321253765;-0.06440042452831363
6,train/lizard/images/00455.png,lizard,lizard,0.9895481052642567;-0.13734926509721884;-0.0439286551714633;0.11521867842234788;0.936254951149571;-0.3318905280216986;0.08671334101813294;0.3233602415652985;0.9422945137611196,-1.2059371758480917;-0.8636877874272404;1.1513731877107016
7,train/lizard/images/00423.png,lizard,lizard,0.9979447404557245;-0.006029740299743727;0.06379605966417116;0.001640168728681592;0.9976404117150762;0.0686361330460465;-0.06405938528660961;-0.06839043167644716;0.9955998915286255,-1.358786072106884;-0.7621814635568107;-0.003700281976535664
8,train/lizard/images/00421.png,lizard,lizard,0.9954732772716116;-0.0039628937472824845;0.09495920024549871;-0.008712114786424415;0.9911189592463373;0.13269253060517536;-0.09464171011802956;-0.1329191637635634;0.9865979133417675,-1.417337286680035;-0.8630022322612527;0.08749118656150974
9,train/lizard/images/00410.png,lizard,lizard,0.9890388915157502;0.1394867659937747;-0.04843049846836271;-0.12623508007761236;0.9689284414477768;0.21270256207056146;0.07659487990130236;-0.20425747836047572;0.9759160347625839,-1.6738606310412432;-0.9877356858700046;-0.10099530350539106
10,train/lizard/images/00393.png,lizard,lizard,0.6878352026894077;-0.5686719767937395;-0.45110410855003524;-0.5591554558994164;-0.018832756722958033;-0.8288489026427733;0.46284760999613805;0.82234877642258;-0.33092987147906183,-0.08960991698146573;1.4067873266753073;-1.0101641648850974
11,train/lizard/images/00383.png,lizard,lizard,0.9953238768543264;-0.08159377543098616;0.051699477507914385;0.04420774200845719;-0.09109454732665423;-0.9948605223818391;0.08588396654898535;0.9924939492300545;-0.08706150143170621,-1.6413365058244724;0.8018451922226396;-0.6831447849436507
12,train/lizard/images/00342.png,lizard,lizard,0.7625770596990816;-0.0141756096349262;0.6467420506756782;0.351996390678816;0.8478920401599152;-0.3964563395665949;-0.5427474264976202;0.5299793772638093;0.6515727823545696,-1.4702604918971405;-1.2498882523341723;0.059533211127520504
13,train/lizard/images/00330.png,lizard,lizard,0.5508694241398889;0.1702371530058025;0.8170447902558746;0.4941737632658563;0.7223786656874721;-0.4836955189571728;-0.6725586734608724;0.6702151707444903;0.3138095850296563,-1.5788490131364845;-1.2717561830046777;0.4446424641896636
14,train/lizard/images/00328.png,lizard,lizard,0.4207675503366397;0.22847098822215534;0.8779269195807217;0.6063027873478504;0.6490479406485141;-0.45949287349658646;-0.6747974500825641;0.7256292292078059;0.13457571505050536,-1.5039253169922555;-1.4303893617057253;0.5467591915737363
15,train/lizard/images/00323.png,lizard,lizard,0.845778566211748;-0.07124110339974807;0.5287563920400267;0.5105346073262745;0.3959081896391753;-0.7632896698494207;-0.15496138763900694;0.915522479550894;0.37122170973419144,-1.72582242986443;-0.7855485603778056;-0.5314943150114059
16,train/lizard/images/00315.png,lizard,lizard,0.9872536675982613;0.1188076117201339;-0.10590064783153937;-0.1588751191435663;0.696264610403498;-0.6999816346282114;-0.009428272954228378;0.7078844140797446;0.7062653637069267,-1.569700896205338;-0.11645360512486207;-0.7827540500807388
17,train/lizard/images/00299.png,lizard,lizard,0.9513862233552818;0.023171630402606933;-0.307127546068826;-0.1900869137727617;0.8287779254006202;-0.5263023043660275;0.2423452479874951;0.5590976890608017;0.7928925241574362,-1.2462265572173168;-0.18629588390914747;-0.6576235967495535
18,train/lizard/images/00291.png,lizard,lizard,0.9811273991868558;-0.1296019318281736;0.14350040359260852;0.1931790829131635;0.6892909121266747;-0.698254882105672;-0.00841834245354639;0.7127982728135516;0.7013185822323209,-1.4241263321125628;-0.6769181425512865;-0.23310158824735558
19,train/lizard/images/00115.png,lizard,lizard,0.9806496534342491;-0.17939007636509713;0.07839296984431439;0.19572614157516338;0.906954661374155;-0.37299399420874185;-0.004187448314435696;0.38111998466810487;0.9245161018409562,-0.9842320241877816;0.11890076161126242;-0.46464152151756
20,train/lizard/images/00108.png,lizard,lizard,0.789913903295046;-0.03192085306040129;-0.6123863849899679;0.09789452881398658;0.9924010262841143;0.07454437777944177;0.6053533568168864;-0.11883291703115283;0.7870362451757826,-1.010846582376856;0.25145513248106843;-0.7249777554818616
21,train/lizard/images/00085.png,lizard,lizard,0.8409636407257299;-0.03672152943939299;-0.5398441295901599;-0.1597366242420593;0.9363805803863138;-0.31253098974524324;0.5169761753244309;0.3490600778534005;0.7815962488368924,0.5765231144754044;-0.10430009758968413;1.2632703849291687
22,train/lizard/images/00027.png,lizard,lizard,1.0;0.0;0.0;0.0;1.0;0.0;0.0;0.0;1.0,0.0;0.0;0.0
23,train/lizard/images/00005.png,lizard,lizard,0.9915667225129516;-0.09143399062557514;-0.09184367241789428;0.07225226909623678;0.9783504108170318;-0.19393319278707827;0.10758738037227332;0.18566178662403127;0.9767060236182659,-0.6850590674252199;0.25056154390003943;-1.0917147595257746
24,train/lizard/images/00051.png,lizard,lizard,0.9853235154337922;-0.13696977836489457;0.10186682358778647;0.13236900861165227;0.9899049545025187;0.05066188518536128;-0.10777762055437053;-0.03643433636060996;0.9935071834876686,-0.8989334025820477;-0.32205080172281725;3.4348272787240988
25,train/lizard/images/00142.png,lizard,lizard,1.0;0.0;0.0;0.0;1.0;0.0;0.0;0.0;1.0,0.0;0.0;0.0
26,train/lizard/images/00230.png,lizard,lizard,-0.10230055501277135;0.241958995237849;-0.9648784592204189;-0.5242216991529759;0.8112366430102756;0.2590110406422581;0.8454148133202102;0.5323071985807718;0.0438501967822833,1.60211494673085;-1.2392553835291664;6.546219998436428
27,train/lizard/images/00231.png,lizard,lizard,-0.15649260778936758;0.23709494620741062;-0.9587992752344926;-0.5197909293917602;0.8056807830512586;0.2840701771463541;0.8398377542295495;0.5428300491911036;-0.002843284342231911,1.2525247273713045;-1.2680090406292153;6.616779893258123
28,train/lizard/images/00233.png,lizard,lizard,-0.11633477831516092;0.19235879049358945;-0.9744045951627107;-0.5544118762437478;0.8014185542499821;0.22440091885675478;0.8240714112467742;0.5663271109736068;0.01341314810320049,1.3909912310779118;-1.3942355779384616;6.563532290800014
29,train/lizard/images/00562.png,lizard,lizard,1.0;0.0;0.0;0.0;1.0;0.0;0.0;0.0;1.0,0.0;0.0;0.0
30,train/lizard/images/00186.png,lizard,lizard,0.011042748321573481;0.19217446210015676;-0.9812986466035821;-0.28130073506065617;0.9423229922793854;0.18137605871768142;0.9595561235091156;0.2740371404356364;0.06446465309003357,2.399266347821508;0.3081013088379306;7.994347595265358
31,train/lizard/images/00587.png,lizard,lizard,1.0;0.0;0.0;0.0;1.0;0.0;0.0;0.0;1.0,0.0;0.0;0.0
32,train/lizard/images/00191.png,lizard,lizard,-0.12058845219812264;0.2458568524926799;-0.9617758747644143;-0.46655563641514525;0.8411390354825877;0.2735159247953962;0.8762329960265822;0.48170481736205906;0.013274245909479787,1.5823610222215383;-0.7795457467181964;5.891482804764051
33,train/lizard/images/00205.png,lizard,lizard,0.8289679743473732;0.05085954873448775;-0.5569788180971849;-0.18173746787393102;0.9663110682765729;-0.18224821562078575;0.5289457347187749;0.2523018541919833;0.8102840144628936,1.8315225882970154;-0.5584752126239688;3.4558771663607226
34,train/lizard/images/00647.png,lizard,lizard,0.5793256223087003;-0.0867119452503641;-0.8104707655970911;-0.2973456128505775;0.9033204200336762;-0.3091889475202783;0.7589251674935755;0.4201110059271011;0.49753324797823084,1.5712557151546696;-0.039383283724833226;2.8496753817338694
35,train/lizard/images/00252.png,lizard,lizard,-0.033896303428730734;0.20789906373583175;-0.9775627958917177;-0.5916597856070637;0.7841337548163008;0.18727774201194622;0.8054748529341378;0.5847326174034199;0.09642627979588825,1.9386162858209852;-1.609303470895834;6.374888658273312
36,train/lizard/images/00675.png,lizard,lizard,1.0;0.0;0.0;0.0;1.0;0.0;0.0;0.0;1.0,0.0;0.0;0.0
37,train/lizard/images/00689.png,lizard,lizard,1.0;0.0;0.0;0.0;1.0;0.0;0.0;0.0;1.0,0.0;0.0;0.0
38,train/lizard/images/00701.png,lizard,lizard,1.0;0.0;0.0;0.0;1.0;0.0;0.0;0.0;1.0,0.0;0.0;0.0
39,train/lizard/images/00721.png,lizard,lizard,1.0;0.0;0.0;0.0;1.0;0.0;0.0;0.0;1.0,0.0;0.0;0.0
