,image_path,dataset,scene,rotation_matrix,translation_vector
0,train/multi-temporal-temple-baalshamin/images/screenshot_2015_10_11_18_16_31.png,multi-temporal-temple-baalshamin,multi-temporal-temple-baalshamin,0.7296185129182506;-0.13648856003430151;-0.6700952906764257;0.02075964641927349;0.98384911012776;-0.17779191652423773;0.683539218104936;0.11580933244163719;0.7206679789139483,1.587186293890026;-0.002296826570727672;1.7683447985028309
1,train/multi-temporal-temple-baalshamin/images/1147302_palmyre_lei_detruit_le_temple_de_baalshamin_classe_au_patrimoine_de_lhumanite_web_tete_021277294556.png,multi-temporal-temple-baalshamin,multi-temporal-temple-baalshamin,0.9354892904901538;-0.006031686201223456;0.35330356089317666;-0.005842196074927652;0.9994536167380739;0.032532087762782366;-0.35330674508598153;-0.03249748837607677;0.9349429165066689,-0.2261935811362855;-0.22929553240183112;-0.785065273993736
2,train/multi-temporal-temple-baalshamin/images/screenshot_2015_10_11_18_16_45.png,multi-temporal-temple-baalshamin,multi-temporal-temple-baalshamin,0.4219544208388205;0.22371338095438564;0.8785822613259009;0.04683922148897195;0.9624042020796344;-0.2675523110529404;-0.9054062922604871;0.15404698958895718;0.39561214710079007,-1.8109839261937426;0.039679375237121006;2.0769746209521243
3,train/multi-temporal-temple-baalshamin/images/150824004238_baalshamin_temple_palmyra_exlarge_169_550x300.png,multi-temporal-temple-baalshamin,multi-temporal-temple-baalshamin,0.46644431541946507;0.18228317701985763;0.8655648698904168;0.010152844836025562;0.9773685900665365;-0.211299689760979;-0.8844922952488634;0.10734748495841726;0.45403733009357305,-1.0249044824627616;0.06180505435376174;1.0371497497902116
4,train/multi-temporal-temple-baalshamin/images/temple_of_ba_al_shamin_palmyra_syria.png,multi-temporal-temple-baalshamin,multi-temporal-temple-baalshamin,0.9868728064123033;-0.0831225426500506;-0.1384655439713973;0.05056967933079999;0.9733068244239663;-0.2238672219466586;0.15337787159914726;0.21392631542922658;0.9647335176465004,0.47526042976862326;0.027553969991778;-0.5940466142840665
5,train/multi-temporal-temple-baalshamin/images/19144401003_5d0dee05f5_o.png,multi-temporal-temple-baalshamin,multi-temporal-temple-baalshamin,-0.38425285091881656;0.24132473576176655;0.8911296866732001;-0.1867605182867595;0.9249586778268972;-0.3310165450879746;-0.9041406170336688;-0.29362189329515553;-0.3103480762108015,-1.6385429820714317;0.31854631347471174;1.108723880879064
6,train/multi-temporal-temple-baalshamin/images/temple_of_baal_shamin_palmyra.png,multi-temporal-temple-baalshamin,multi-temporal-temple-baalshamin,0.7123010139309086;0.1254748860040435;0.6905673888443269;0.0021871161574662998;0.9834890926504276;-0.18095419630545312;-0.7018707018218622;0.13040420859738766;0.7002658497343532,-0.8413158549438122;0.0523303744429469;0.1399479994173263
7,train/multi-temporal-temple-baalshamin/images/temple_of_baal_shamin_in_palmyra_2010.png,multi-temporal-temple-baalshamin,multi-temporal-temple-baalshamin,0.7250214262843693;-0.20619842910407205;-0.6571347953529716;0.13526241624096474;0.9781791523120645;-0.15770106129860656;0.6753132681809495;0.02545100817381965;0.7370917419166363,1.3032078710713622;0.04048567941955404;0.0011143677683100497
8,train/multi-temporal-temple-baalshamin/images/19577278428_e8044e854b_o.png,multi-temporal-temple-baalshamin,multi-temporal-temple-baalshamin,0.7951138938805913;0.11621331321522016;0.595221271116536;-0.0971127305302035;0.9932012398249337;-0.0641904570725478;-0.5986342901363167;-0.0067648386348569435;0.8009938973745259,-0.8240136346522637;-0.12650282880861644;-0.6429103532510143
9,train/multi-temporal-temple-baalshamin/images/19577300988_4e4ff423a7_o.png,multi-temporal-temple-baalshamin,multi-temporal-temple-baalshamin,0.992706918821514;-0.0063453578568391155;0.12038567089801328;0.003580658423633274;0.9997251784935403;0.023167787363326593;-0.12049959422815237;-0.022567762842774237;0.9924568221696715,0.06487857297188454;-0.21532616098982849;-0.8100578586959587
10,train/multi-temporal-temple-baalshamin/images/19577313278_bf436a42f4_o.png,multi-temporal-temple-baalshamin,multi-temporal-temple-baalshamin,0.9124854639297258;-0.12101879345987979;-0.39080011482402105;0.0731708724786804;0.9881206671268603;-0.13514277863606808;0.4025124861885178;0.09472063569404272;0.9105007960655799,0.9043152841995481;-0.033984841105907014;-0.37474884220552335
11,train/multi-temporal-temple-baalshamin/images/19578696189_92b41b9b79_o.png,multi-temporal-temple-baalshamin,multi-temporal-temple-baalshamin,0.8154136023893582;0.12300777200192325;0.5656586824804622;-0.20771139475422096;0.9742634826881909;0.08755936722894625;-0.5403301153254977;-0.1888908529479396;0.8199778119833085,-0.7370777749552202;-0.33713335167260583;-0.7252339253966983
12,train/multi-temporal-temple-baalshamin/images/19739127926_d1f03f70ed_o.png,multi-temporal-temple-baalshamin,multi-temporal-temple-baalshamin,0.7360643050867532;0.15884429088302993;0.658010509058193;-0.23189710820543458;0.9724276894801657;0.024660087960579474;-0.6359505247919149;-0.17074214472746302;0.7526048432150527,-0.775173086465238;-0.24827615599536926;-0.6127488569477627
13,train/multi-temporal-temple-baalshamin/images/19758050972_3e8ee37d98_o.png,multi-temporal-temple-baalshamin,multi-temporal-temple-baalshamin,0.9924719546588177;-0.0036140590714621185;0.12241878039228182;-0.015183695488492714;0.9882220710417471;0.1522714474130752;-0.12152725869951345;-0.15298391053633115;0.9807278157113692,0.05741037688815891;-0.39970221174698406;-0.8924905279107156
14,train/multi-temporal-temple-baalshamin/images/19875043841_a36e9ccb18_o.png,multi-temporal-temple-baalshamin,multi-temporal-temple-baalshamin,-0.17687443108770085;0.21787515400786445;0.9598155306586009;-0.36353984589675864;0.8917683356894155;-0.26942163221814774;-0.914633377956853;-0.396584988026248;-0.0785247171243395,-1.8096056740933995;0.2059376725818253;0.5296201218443366
15,train/multi-temporal-temple-baalshamin/images/2015_10_15_19.png,multi-temporal-temple-baalshamin,multi-temporal-temple-baalshamin,0.1977823390655472;0.20294060446565335;0.9590084761944894;-0.03328376390628743;0.979160738760751;-0.200340806451733;-0.9796807323888695;0.007704461604516016;0.20041532839928455,-1.393344901443735;0.1205063828479425;1.9352365656817825
16,train/multi-temporal-temple-baalshamin/images/2316.png,multi-temporal-temple-baalshamin,multi-temporal-temple-baalshamin,0.9379121387414155;-0.11203659408779743;-0.3282813147084523;0.05854069048856997;0.9839527366878515;-0.16855266097457144;0.3418973640708937;0.13886977190768868;0.929419915265259,0.6342662680620009;0.046696701917415664;0.09087086306791901
17,train/multi-temporal-temple-baalshamin/images/25.png,multi-temporal-temple-baalshamin,multi-temporal-temple-baalshamin,0.41086214933899745;0.22871909261983062;0.8825417105789963;-0.12103591410860207;0.9731357309664732;-0.19584983179018306;-0.9036274684494903;-0.02635195984190239;0.4275078624727928,-1.4057153044244324;0.07504213032763288;0.18996395080152448
18,train/multi-temporal-temple-baalshamin/images/5740.png,multi-temporal-temple-baalshamin,multi-temporal-temple-baalshamin,0.658833467346917;-0.21384738977816112;-0.7212542937055599;0.06413748484491269;0.9712227373503253;-0.22937475338735458;0.7495497617512845;0.10486032776416625;0.6535896773356997,1.5490428228093212;0.11588583202100723;2.019665335745898
19,train/multi-temporal-temple-baalshamin/images/5747.png,multi-temporal-temple-baalshamin,multi-temporal-temple-baalshamin,0.7383293970165314;-0.16818162572741124;-0.6531344748739651;0.02789196144676212;0.9751952887434937;-0.21958184646993528;0.6738632947325871;0.14390653070718806;0.7247062649321887,1.5355770520633967;0.02388431613019134;1.4419134207596374
20,train/multi-temporal-temple-baalshamin/images/5748.png,multi-temporal-temple-baalshamin,multi-temporal-temple-baalshamin,0.9408651679765543;-0.11773212661654195;-0.31766630613081526;0.09243073336683028;0.9913069929391162;-0.0936322875896825;0.3259283590265202;0.058733228349492406;0.9435682872319979,0.7324041753616052;-0.07359022897862048;-0.6045347463030281
21,train/multi-temporal-temple-baalshamin/images/5821.png,multi-temporal-temple-baalshamin,multi-temporal-temple-baalshamin,-0.04106808788269212;-0.22137546422402982;-0.9743235171118753;0.025171379461383606;0.9746074710829534;-0.2225009639648807;0.9988392332170731;-0.03366275610946631;-0.03445293946014005,1.6612858408553992;0.11721013088602283;1.8922581947785464
22,train/multi-temporal-temple-baalshamin/images/8100208.png,multi-temporal-temple-baalshamin,multi-temporal-temple-baalshamin,0.9927903590171059;-0.006294907440781983;0.11969827560578261;0.0036283961485956313;0.9997406670347047;0.022481846418667704;-0.11980875503933242;-0.021885447615154985;0.9925557361672993,0.06555403526125872;-0.21466981321345965;-0.8098059536414736
23,train/multi-temporal-temple-baalshamin/images/85328479_89f3b31dfa_o.png,multi-temporal-temple-baalshamin,multi-temporal-temple-baalshamin,0.9968182617908936;-0.004161040492250424;0.07959923807551975;0.017541738326741697;0.9856049625327737;-0.16815214910088364;-0.07775371615979226;0.16901344198847476;0.9825420174478804,0.8171104762061466;0.3440828761786904;9.03821333743905
24,train/multi-temporal-temple-baalshamin/images/cimg2282.png,multi-temporal-temple-baalshamin,multi-temporal-temple-baalshamin,0.8339502933194546;-0.17913127108339744;-0.521956795139638;0.20800148577490368;0.9781227671478462;-0.003351761100212007;0.511138230019853;-0.10577258674669318;0.8529653390994766,1.1118079515921393;-0.03822435524775388;-0.23040004322094337
25,train/multi-temporal-temple-baalshamin/images/dscf4642.png,multi-temporal-temple-baalshamin,multi-temporal-temple-baalshamin,0.8441923516631104;-0.1637348312250414;-0.5104215693299164;0.06738024467972031;0.9770677843359287;-0.2019862555714627;0.5317886572882206;0.1361229218632425;0.8358656435833483,1.2812974231936936;0.23036408806660816;12.0584967556546
26,train/multi-temporal-temple-baalshamin/images/dscf4644.png,multi-temporal-temple-baalshamin,multi-temporal-temple-baalshamin,0.6628466325439553;0.14266522128679957;0.7350380781703267;-0.026004479632219503;0.9854741918626494;-0.16782247826711316;-0.7483034870720544;0.09212628185185102;0.6569281843763114,0.845492409606155;0.4611714464550953;9.48501390184154
27,train/multi-temporal-temple-baalshamin/images/dscn2027.png,multi-temporal-temple-baalshamin,multi-temporal-temple-baalshamin,0.9820234116155496;-0.07434076384201359;-0.17350351544087705;0.04093086783678972;0.9811746660869453;-0.18873510189495438;0.18426796546628488;0.17824063919476255;0.9665793249611532,0.5167681144078232;0.12698401122293032;7.606146855462903
28,train/multi-temporal-temple-baalshamin/images/dscn2032.png,multi-temporal-temple-baalshamin,multi-temporal-temple-baalshamin,0.8322795619869667;0.088061214071391;0.5473170500496541;0.01416787526481355;0.9836007849604967;-0.17980202205641435;-0.5541750644058822;0.15739986785689267;0.8173831901803273,-1.0134418412429484;0.11536871315778503;10.184935683354778
29,train/multi-temporal-temple-baalshamin/images/dscn2063.png,multi-temporal-temple-baalshamin,multi-temporal-temple-baalshamin,0.6120480906531466;0.1493657192474683;0.7765867734139721;-0.021041061022599533;0.9847293452933973;-0.17281605906014758;-0.7905405799064845;0.08943152929321767;0.6058445288103174,-1.095539717991368;0.08985036377555311;0.7933944097002159
30,train/multi-temporal-temple-baalshamin/images/dscn2064.png,multi-temporal-temple-baalshamin,multi-temporal-temple-baalshamin,0.6018111629912002;0.1519683583935706;0.7840465178459389;-0.019541319597171147;0.9842370957133477;-0.1757710904846289;-0.7983993117028473;0.09045970080050936;0.5952945334903572,-1.0848452178564416;0.089463874289718;0.8147260489838409
31,train/multi-temporal-temple-baalshamin/images/dscn2066.png,multi-temporal-temple-baalshamin,multi-temporal-temple-baalshamin,0.8940832866908107;-0.1363688400703378;-0.42663639778859486;0.06636923429825936;0.9823454923178969;-0.1749069994636336;0.4429562068634102;0.12806589390067677;0.8873493819350979,0.8954622854376376;0.0740436884444108;0.3693338209583281
32,train/multi-temporal-temple-baalshamin/images/image29.png,multi-temporal-temple-baalshamin,multi-temporal-temple-baalshamin,1.0;0.0;0.0;0.0;1.0;0.0;0.0;0.0;1.0,0.0;0.0;0.0
33,train/multi-temporal-temple-baalshamin/images/pict0818.png,multi-temporal-temple-baalshamin,multi-temporal-temple-baalshamin,0.671290556668865;-0.21960320270814732;-0.7079148408442429;0.07849707369005454;0.9707927468364358;-0.22671491373940525;0.7370259140283356;0.09662233722122529;0.6689222122194809,1.3830499425119396;0.09199741906064546;0.3725366269726616
34,train/multi-temporal-temple-baalshamin/images/palmyra_baalshamin.png,multi-temporal-temple-baalshamin,multi-temporal-temple-baalshamin,0.998683323643998;-0.021707610138281735;0.046480089688616395;0.02745711267512862;0.9915390176228025;-0.12687191767744788;-0.04333273634243224;0.1279810774829318;0.9908295099397196,0.16042482897337304;0.012319300368975807;-0.24640410012147318
35,train/multi-temporal-temple-baalshamin/images/palmyre_25.png,multi-temporal-temple-baalshamin,multi-temporal-temple-baalshamin,0.3986251907272189;0.19498923681121821;0.8961457218809153;0.02889864374461297;0.9739809412712508;-0.2247798799494523;-0.9166585109556394;0.11550031847638736;0.3826184139902872,-1.4105717682345629;0.04439747598585221;2.67811425152117
36,train/multi-temporal-temple-baalshamin/images/palmyre_28.png,multi-temporal-temple-baalshamin,multi-temporal-temple-baalshamin,0.8151457842379912;0.12371371157911987;0.565890685562458;-0.012720458686775904;0.9805145030450945;-0.1960344338350522;-0.579116171739167;0.15259825321919568;0.8008359586985477,-0.81619776024386;0.06336798602698163;0.02681594742112624
37,train/multi-temporal-temple-baalshamin/images/the_temple_of_baalshamin_palmyra_syria_02am3152.png,multi-temporal-temple-baalshamin,multi-temporal-temple-baalshamin,0.695390299050862;0.14698623091399887;0.7034396775187262;-0.012717180871683845;0.9812227388723888;-0.19245833323201367;-0.7185197320161985;0.12488788828971586;0.6842020243041567,-1.0400025404447388;0.08760827143327897;4.7899458983615615
38,train/multi-temporal-temple-baalshamin/images/img_2163.png,multi-temporal-temple-baalshamin,multi-temporal-temple-baalshamin,0.8854671544723691;-0.13665028030404167;-0.4441560753197377;0.06604776088947917;0.9830915940038415;-0.17078820533184447;0.459984360203792;0.12189183193230348;0.8795207613672887,1.617245481130627;0.09296776069882158;1.2029651796607848
39,train/multi-temporal-temple-baalshamin/images/temle_ba_al_shamin_4.png,multi-temporal-temple-baalshamin,multi-temporal-temple-baalshamin,0.986761505595141;-0.08356217607939638;-0.13899314301247542;0.04916146273908935;0.9708363158343262;-0.23464867022547914;0.15454734438664294;0.2247091688963948;0.962091943504844,0.4758260448441392;0.034478444787874145;-0.5951131548861442
