,image_path,dataset,scene,rotation_matrix,translation_vector
0,train/church/images/00059.png,church,church,0.5239656725281565;-0.2826256341094619;-0.8034816270185281;0.5144956961261213;0.856813579991685;0.03412722973712107;0.6787887393584358;-0.4312693358981798;0.5943505760358347,5.7595961817619665;2.7019178651226996;4.011669073858111
1,train/church/images/00055.png,church,church,0.6153138110927782;0.22030265156881318;0.7568722848606833;-0.30935580383580136;0.9506124633266259;-0.025197841200976887;-0.7250433783654509;-0.21863825438343254;0.6530768815450286,-2.5506666790815795;-1.0548221065989025;-1.779953510796826
2,train/church/images/00054.png,church,church,-0.42236119594972577;0.3368465314264403;0.841513775538995;-0.36330160698780867;0.7876422899023554;-0.4976259293057887;-0.8304354053844247;-0.5159011895928813;-0.21029265336824432,-6.012670655209013;2.0457807991960193;4.108209616128233
3,train/church/images/00050.png,church,church,0.4815908408305951;0.33046547959483913;0.8117036582548052;-0.3298204365311764;0.9264339833876172;-0.18148981809163955;-0.8119659732245341;-0.18031262080260818;0.5551563897721346,-2.5773545311529307;0.3541163797280613;0.5847671156873538
4,train/church/images/00049.png,church,church,0.3788969477178922;0.30091984352847956;0.8751481878978326;-0.3803463474399307;0.9127345096483831;-0.14917228591809278;-0.8436668530878574;-0.2763384929171488;0.460286083140812,-2.5262364036195057;0.4710723730150748;0.9435058231171425
5,train/church/images/00048.png,church,church,0.18416034972915307;0.35854082617434063;0.9151685317764466;-0.46617894110814134;0.8515671466521539;-0.23981365601233195;-0.8653104416652604;-0.38246813031797855;0.32396908623530996,-4.41070424470061;0.6043784899342085;0.9737316101373011
6,train/church/images/00047.png,church,church,-0.056692716939321874;0.3509647253704881;0.9346709032550738;-0.27344839770536594;0.8949200538997886;-0.35262454667871246;-0.960214512303582;-0.27557550448764;0.045235292504600344,-5.120857757587891;2.164359336172128;7.785858475049859
7,train/church/images/00044.png,church,church,0.30674919960605807;0.37660022305769075;0.8741150957018994;-0.42971412812445925;0.8742601037308716;-0.22586509051803816;-0.849264797711102;-0.30633567049461174;0.4300090235696665,-3.645028892145256;0.6170046466608913;0.7943537509926002
8,train/church/images/00041.png,church,church,-0.007917547025567906;0.3094530245157715;0.9508817687110945;-0.3057068395087511;0.9046353504704057;-0.2969481620701787;-0.9520927689708966;-0.2930421612965065;0.0874394131727999,-5.022308744693749;1.7965766415564242;6.6787913017902465
9,train/church/images/00037.png,church,church,1.0;0.0;0.0;0.0;1.0;0.0;0.0;0.0;1.0,0.0;0.0;0.0
10,train/church/images/00032.png,church,church,0.6068739914669024;0.2542605204947374;0.7530309065362293;-0.2957438270883506;0.9516560750412548;-0.08298375489340842;-0.7377259296108318;-0.17234355965576065;0.6527313001726018,-0.8532962720599855;0.4707070366500182;1.264878527237453
11,train/church/images/00030.png,church,church,0.5286131299650476;0.23784144458141804;0.8148617097814697;-0.41944953247366473;0.9077505024012577;0.00714948235108398;-0.7379906832312857;-0.34557267344176484;0.5796113170342101,-2.5071401451853306;0.11263221290044871;0.32488080190074675
12,train/church/images/00015.png,church,church,0.5652708000715431;0.24372709822325483;0.7880774227055041;-0.15485367645425535;0.9697232262267733;-0.18883115051531885;-0.8102402492317193;-0.015295950706317243;0.5858982611485646,1.308000744637914;0.7314717041875795;3.3363847494749455
13,train/church/images/00016.png,church,church,0.6310563442396634;0.2834749161578578;0.7220871569998785;-0.38998621966557634;0.9205906700534315;-0.02058073568963943;-0.670580822023583;-0.2686164368013795;0.6914958937074798,-0.5206036292227901;1.7734759910382702;3.156775788841681
14,train/church/images/00018.png,church,church,0.8675419493529041;0.12373233097019198;0.4817273880377222;-0.1801246045311491;0.9809741326010456;0.07242153001782937;-0.46360122190893804;-0.14959967058890566;0.8733234484452084,0.4217821080175994;1.1178023237095176;2.4195626065686917
15,train/church/images/00021.png,church,church,0.6054162548540274;0.3046389414994073;0.7353001249018283;-0.3055296407038631;0.9420228837831669;-0.1387246376106797;-0.7349304708677493;-0.14066983241252135;0.6633921926275146,-1.5491594127290562;0.6856458637132519;1.5927542046882086
16,train/church/images/00025.png,church,church,0.1690594496546476;0.28830877343357125;0.9424950682330904;-0.2575657143772085;0.9359532844180672;-0.24010695984163155;-0.9513562977453958;-0.20216206505737488;0.23249020235681284,0.16427790548285845;0.40874878471380777;1.6111809733405866
17,train/church/images/00027.png,church,church,0.12186019922359126;0.2786263505059789;0.9526371022844461;-0.35459031781036116;0.9086724638373262;-0.2204088473245804;-0.927046815624936;-0.31093682681136775;0.2095292136484641,0.5017853793691278;0.5976408567593862;1.5727938669731236
18,train/church/images/00029.png,church,church,0.7309797428601177;0.17332920858814976;0.6600193943956207;-0.15920357020505876;0.9838306083906704;-0.0820460677156816;-0.6635682623228143;-0.04510343051087082;0.7467548739673762,-0.7358719204436772;0.3916531497763203;1.6064322910517383
19,train/church/images/00061.png,church,church,0.9618100597265195;0.14061174894039288;0.23483982854020546;-0.15825123493647178;0.9856973756934461;0.057941610196257;-0.22333373155426117;-0.09289251644226947;0.9703056347043811,3.5852528730657873;-0.8018840144087426;-0.947876869074812
20,train/church/images/00063.png,church,church,-0.2146686147622463;0.31265667056201807;0.9252908689645286;-0.7912385508313199;0.4997350895010353;-0.3524292780115541;-0.5725896798881479;-0.807781311169345;0.14010857151196188,-5.437045831877468;0.26272694537128793;0.4043819885385005
21,train/church/images/00069.png,church,church,0.9711244821793951;-0.08464180846767579;-0.22305381496653032;0.11577950155609963;0.9846748693457225;0.13042434089695643;0.20859613402751015;-0.15248333003415704;0.9660416590036226,4.7121729191542645;0.2503837637612007;0.6979629766149713
22,train/church/images/00071.png,church,church,0.9963877712827542;-0.07732227572438616;-0.03510947044584848;0.079221664544494;0.9952611067824501;0.056384902172232056;0.03058328146202701;-0.058962657699382255;0.9977915954206269,3.377478479069321;0.47538104588839225;0.6211673185633445
23,train/church/images/00072.png,church,church,0.9994019397064576;-0.02927350342994291;-0.018407197176844428;0.03244224189320764;0.977995833144712;0.20608651409668555;0.011969287861552656;-0.2065604326789569;0.978360630748994,3.3893728149608933;0.3885789121771821;0.15395331556230504
24,train/church/images/00080.png,church,church,0.9646357509724182;-0.060237030234702664;-0.2566113172375343;0.07209963571488717;0.9967085223179017;0.037064323393869114;0.25353404204496777;-0.05425515392447307;0.965803741863207,4.152733800550815;0.621163269725299;2.0488517997157687
25,train/church/images/00081.png,church,church,0.976348042354235;0.04199852633879181;0.21208635971326129;-0.048500526671838906;0.9984964129982323;0.025546274527173667;-0.21069456353595667;-0.03522835527005612;0.9769169687754223,1.6649393894431963;0.022288560657657698;-0.22339055430346716
26,train/church/images/00084.png,church,church,0.9038682242592564;0.08774184366738513;0.4187166130502427;-0.11070687747612667;0.993375186045264;0.030817641522721595;-0.4132386967043435;-0.07420989569717265;0.9075938909703559,1.4789115154880488;-0.130836267303188;-0.6853351759306952
27,train/church/images/00085.png,church,church,0.9373208572151346;0.028097317441967556;0.34733291145822986;-0.011078896085536869;0.9986429680658994;-0.050886937361733366;-0.34829135603831907;0.04384932251582007;0.9363601701396169,0.9656166370658793;-0.0017305438602577164;-0.5206238268061399
28,train/church/images/00086.png,church,church,0.9914932489741558;-0.060659784988268475;-0.1151587066784346;0.06263240401999116;0.9979441905232309;0.01358582230157319;0.11409784925821036;-0.020682917736875715;0.9932541959179132,3.5956658180869376;0.8829585650671008;2.1829851424330045
29,train/church/images/00088.png,church,church,0.9995432620274347;-0.030161323342222067;-0.0018873022548094183;0.030148624086146623;0.9909265531794672;0.13097948949958838;-0.002080336815830131;-0.13097656575932387;0.9913832817939923,3.7862530568415704;0.9109051671579709;1.2694788852132401
30,train/church/images/00092.png,church,church,0.9351210289492192;0.05886835150648512;0.34940403318774443;-0.07475691510186289;0.9966833613345556;0.03215090797014229;-0.3463525153097728;-0.05618535778795582;0.936420386743493,0.3718244416269856;-0.04238226868611948;-0.31236562850689287
31,train/church/images/00094.png,church,church,0.9949123624333506;0.005035659346449355;0.10061825486578328;-0.010511829271986123;0.998487258269821;0.05396940353730387;-0.1001942739014851;-0.05475250868921212;0.9934602509761484,2.7431561253467946;0.3665540343376945;0.5545375779226855
32,train/church/images/00095.png,church,church,0.9987652631537639;0.0055374302683254915;0.04936887666755466;-0.007111722383824539;0.9994699065846867;0.031769942340724125;-0.0491667827107713;-0.032081812567574156;0.9982752049311105,2.4941717228571325;0.26675165091637254;0.5985942273746253
33,train/church/images/00096.png,church,church,0.5112974484859335;0.26164861837427267;0.8186054725413265;-0.012631372050365824;0.9547122226528957;-0.29726254449104933;-0.8593109842262576;0.14164947024257485;0.49144690452590956,-0.7954915591070304;0.0384156875992874;-1.1814014500988488
34,train/church/images/00097.png,church,church,0.973575175955593;0.024332424407530265;0.22706675204769186;-0.0599420525358616;0.9866723040309026;0.1512769473387743;-0.22035954052598714;-0.16089032780376236;0.9620581974695573,2.157285231574943;0.04503092065276829;-0.351548674536002
35,train/church/images/00002.png,church,church,0.7482830250389648;0.21300455727773954;0.6282527938795419;-0.14687608919562845;0.9767409368853116;-0.1562195782704638;-0.6469157046023337;0.024621145207279635;0.7621639392857342,-0.4589357839719043;1.1106599242439585;4.557319751843293
36,train/church/images/00101.png,church,church,0.8411388389943306;0.13270634560000444;0.5242847312031524;-0.03734955796011104;0.98136647104396;-0.18848039694065968;-0.5395280011783021;0.1389563793001837;0.8304219774285417,-0.0563514668525044;0.469448500985294;1.823946006289326
37,train/church/images/00005.png,church,church,0.836303423815852;0.17078352968973173;0.5209890299234716;-0.20283090088046343;0.9792029757134467;0.004599782815592465;-0.5093684412700723;-0.10951948840570574;0.8535509783823398,-0.5209397345265938;1.6456725103679775;3.886970706283343
38,train/church/images/00008.png,church,church,0.7663857980133613;0.17989754102537842;0.6166763197467904;-0.15567292147531048;0.9833823628499303;-0.09340808292128608;-0.6232325008556319;-0.024413176129097505;0.7816554526826538,-0.5920681003515565;1.3009565708445452;4.368383231044461
39,train/church/images/00014.png,church,church,0.6152162043216791;0.2272542572801855;0.7548937173457315;-0.07340582986556765;0.9699043062919297;-0.23215774976967293;-0.784933504242094;0.08741360983509369;0.6133826332183074,1.0757883799700383;0.4325350113673343;3.450274981250191
