,image_path,dataset,scene,rotation_matrix,translation_vector
0,train/lizard/images/00539.png,lizard,lizard,0.9775823825484771;-0.16832323510861594;0.12649100305323205;0.1607780275817374;0.9846635321414743;0.06773591600917456;-0.13595260636622322;-0.04588046417861822;0.9896523994964016,-1.0713679638199134;-1.9392113431333982;2.9370666353449284
1,train/lizard/images/00535.png,lizard,lizard,0.9359102868434875;-0.2440296166740309;0.25401078946860983;0.22051466105214507;0.9682543743397887;0.11771470100595774;-0.2746729313958666;-0.05415729644092301;0.960011337433372,-1.5430701735137382;-2.1589986095373117;3.4318329077319727
2,train/lizard/images/00531.png,lizard,lizard,0.9518145709665569;-0.18506392023252238;0.24454113748798983;0.17348414930984257;0.9824676080380914;0.0682689467778093;-0.25288786533558627;-0.022555367079294092;0.9672326416027991,-2.584797809692379;-2.3122735187424714;3.6116886315208427
3,train/lizard/images/00517.png,lizard,lizard,1.0;0.0;0.0;0.0;1.0;0.0;0.0;0.0;1.0,0.0;0.0;0.0
4,train/lizard/images/00511.png,lizard,lizard,1.0;0.0;0.0;0.0;1.0;0.0;0.0;0.0;1.0,0.0;0.0;0.0
5,train/lizard/images/00510.png,lizard,lizard,1.0;0.0;0.0;0.0;1.0;0.0;0.0;0.0;1.0,0.0;0.0;0.0
6,train/lizard/images/00502.png,lizard,lizard,0.9892938823432199;0.03797171877655735;-0.14091047843021948;-0.013217225148313094;0.9849014135298818;0.1726108646239269;0.14533726059637325;-0.1689004268792559;0.97485882387264,-0.45882800457923856;-0.811502941750774;1.0582384001762601
7,train/lizard/images/00500.png,lizard,lizard,0.9959001857908707;-0.0863159501294808;-0.027062459144618918;0.09035019469852369;0.9638108427247638;0.2508096923249168;0.004434214659671714;-0.2522265176372729;0.9676580602366347,-0.3654079623186951;-1.1393807679113168;2.4893348300269715
8,train/lizard/images/00497.png,lizard,lizard,0.9818413497966648;-0.10397481657671225;0.15867199295181939;0.05926780436385244;0.9626772047267776;0.26408318171615147;-0.18020791102321587;-0.2498836469584931;0.9513586451950558,-1.0232417313153355;-1.963067212519154;4.24360268116821
9,train/lizard/images/00492.png,lizard,lizard,0.9153126042954344;-0.2014531848726906;0.34873980375425906;0.0791954283997846;0.9390325283243651;0.33458331528832247;-0.39488089411680094;-0.2786297275119795;0.8754624802971946,-1.2538942116913419;-2.729143467883336;6.4454460337199455
10,train/lizard/images/00487.png,lizard,lizard,0.931193495216497;-0.236118131384512;0.27771730680310547;0.0987741885150486;0.8967977359130844;0.4312742521231233;-0.3508879224904692;-0.37416847661535035;0.8584145950283408,-1.7816654739630284;-3.1247670307965154;9.027639214332083
11,train/lizard/images/00486.png,lizard,lizard,0.9737773240330014;-0.16187067645710068;0.15986121262660152;0.07812828216145162;0.8978786417580997;0.43325502443841385;-0.21366725234725953;-0.4094042363947284;0.8869805389614938,-2.7048646857217893;-3.0925744987470605;9.382386507192562
12,train/lizard/images/00485.png,lizard,lizard,0.975056666697377;-0.15074454424353131;0.16291279602845893;0.07157488108038007;0.9083253193461859;0.41209483208720155;-0.21009886512622977;-0.39015534933595286;0.8964581809862694,-2.3932414119450836;-3.3581608748998155;9.587105366888915
13,train/lizard/images/00481.png,lizard,lizard,0.9877729669350285;-0.0777886045538906;-0.13510550985777567;0.1343298413087882;0.8644954775587552;0.48435840347248604;0.07912053795524188;-0.49658483895706906;0.8643745936754822,-1.7203478180130454;-2.280457121667448;10.542978894893626
14,train/lizard/images/00478.png,lizard,lizard,1.0;0.0;0.0;0.0;1.0;0.0;0.0;0.0;1.0,0.0;0.0;0.0
15,train/lizard/images/00476.png,lizard,lizard,1.0;0.0;0.0;0.0;1.0;0.0;0.0;0.0;1.0,0.0;0.0;0.0
16,train/lizard/images/00472.png,lizard,lizard,1.0;0.0;0.0;0.0;1.0;0.0;0.0;0.0;1.0,0.0;0.0;0.0
17,train/lizard/images/00471.png,lizard,lizard,1.0;0.0;0.0;0.0;1.0;0.0;0.0;0.0;1.0,0.0;0.0;0.0
18,train/lizard/images/00469.png,lizard,lizard,1.0;0.0;0.0;0.0;1.0;0.0;0.0;0.0;1.0,0.0;0.0;0.0
19,train/lizard/images/00465.png,lizard,lizard,0.9463868744720914;0.13865623230833235;-0.2917641737242664;-0.1318689798871137;0.9903382860387968;0.04290281283634302;0.2948939741169326;-0.00212801498962217;0.9555276111037952,-1.5910489274058304;-0.9963008981490621;0.7324986038358617
20,train/lizard/images/00464.png,lizard,lizard,0.9992556352762197;-0.004240323513032912;-0.03834312226753798;0.004547279188254406;0.9999582825522381;0.007921831048599427;0.038307931563876095;-0.008090291198918971;0.9992332308163165,-0.9451119684529672;-1.022168412181778;0.7575653502916796
21,train/lizard/images/00463.png,lizard,lizard,0.9970890223758931;-0.0752142751503868;0.01250177071808958;0.07514590443149098;0.9971553766387398;0.005852169480300579;-0.012906374574565806;-0.004895677078284971;0.9999047243819214,-0.7664974482420611;-1.020019327977601;0.7178168180766634
22,train/lizard/images/00460.png,lizard,lizard,0.9893205558639155;-0.024637307512368638;-0.14365876521693358;0.025875905385204068;0.9996423089589717;0.006759560612325979;0.14344084239019592;-0.010404672878890787;0.9896041974025142,-1.4227415572062112;-0.9446706377203172;0.3797574068094489
23,train/lizard/images/00457.png,lizard,lizard,0.9909734898063232;0.13359619531434266;0.011117513148596981;-0.12291929124076348;0.8724080762270107;0.4730697584656567;0.05350131159089079;-0.47016614630513154;0.8809548254744031,-2.0256071645365474;-1.4203011875375233;-0.9167314628481587
24,train/lizard/images/00455.png,lizard,lizard,0.9951372186184866;-0.02161241832490564;-0.09609796821167337;0.02170113352001006;0.9997644952301301;-0.00012198848267692779;0.09607797314790313;-0.0019640395598085987;0.9953718730325859,-1.5926382952805431;-0.8802934476422696;0.30395787606956004
25,train/lizard/images/00451.png,lizard,lizard,1.0;0.0;0.0;0.0;1.0;0.0;0.0;0.0;1.0,0.0;0.0;0.0
26,train/lizard/images/00444.png,lizard,lizard,0.90682072676684;-0.2100436871672235;0.36545563203658216;0.36339391061509446;0.8288917952628838;-0.42530372379482206;-0.2135908126159196;0.5184785831903486;0.82798485707107,-2.4966729594576704;-0.48596093634317866;-0.47902776273572484
27,train/lizard/images/00440.png,lizard,lizard,0.9948992282191407;-0.03328883864447841;-0.0952227856695033;-0.013398150405610891;0.8920077040804012;-0.4518215858355154;0.09998007428816459;0.4507927562449437;0.8870117674881319,-2.8190936277602843;0.6683354247237122;-1.2998522874700404
28,train/lizard/images/00433.png,lizard,lizard,0.9746264785433486;0.13324104702390976;-0.17986119845637624;-0.0790252356146065;0.9566133208995862;0.2804388817791164;0.20942358859079754;-0.25910958620907404;0.9428700774106233,-1.898556273200786;0.025706521634262035;-1.0495211329185261
29,train/lizard/images/00432.png,lizard,lizard,0.9805690203207561;0.12545570350861984;-0.1508153269543581;-0.07883837916626525;0.9559802217957192;0.2826416910256586;0.17963548190051112;-0.26525965014031994;0.9472953138540305,-1.7922834879672846;-0.022316030333009274;-0.907546998716785
30,train/lizard/images/00423.png,lizard,lizard,0.9966026968725797;0.06705441180388684;0.047820188664784616;-0.08047599833953935;0.9163079807785984;0.3923051083693688;-0.017512232226512298;-0.39482070642138634;0.9185912755428075,-1.8851925937855825;-1.0973833500670225;-0.8757850085738873
31,train/lizard/images/00421.png,lizard,lizard,0.9952436241422731;0.05838204254567126;0.07798503518207364;-0.0874980547799123;0.8876533312654583;0.45212349408437735;-0.04282778320068997;-0.45679656369277777;0.8885396335474207,-1.9753107232901985;-1.262171273772007;-0.7425476799851333
32,train/lizard/images/00410.png,lizard,lizard,1.0;0.0;0.0;0.0;1.0;0.0;0.0;0.0;1.0,0.0;0.0;0.0
33,train/lizard/images/00409.png,lizard,lizard,1.0;0.0;0.0;0.0;1.0;0.0;0.0;0.0;1.0,0.0;0.0;0.0
34,train/lizard/images/00408.png,lizard,lizard,1.0;0.0;0.0;0.0;1.0;0.0;0.0;0.0;1.0,0.0;0.0;0.0
35,train/lizard/images/00406.png,lizard,lizard,1.0;0.0;0.0;0.0;1.0;0.0;0.0;0.0;1.0,0.0;0.0;0.0
36,train/lizard/images/00405.png,lizard,lizard,1.0;0.0;0.0;0.0;1.0;0.0;0.0;0.0;1.0,0.0;0.0;0.0
37,train/lizard/images/00396.png,lizard,lizard,1.0;0.0;0.0;0.0;1.0;0.0;0.0;0.0;1.0,0.0;0.0;0.0
38,train/lizard/images/00393.png,lizard,lizard,1.0;0.0;0.0;0.0;1.0;0.0;0.0;0.0;1.0,0.0;0.0;0.0
39,train/lizard/images/00383.png,lizard,lizard,1.0;0.0;0.0;0.0;1.0;0.0;0.0;0.0;1.0,0.0;0.0;0.0
40,train/lizard/images/00380.png,lizard,lizard,1.0;0.0;0.0;0.0;1.0;0.0;0.0;0.0;1.0,0.0;0.0;0.0
41,train/lizard/images/00374.png,lizard,lizard,1.0;0.0;0.0;0.0;1.0;0.0;0.0;0.0;1.0,0.0;0.0;0.0
42,train/lizard/images/00373.png,lizard,lizard,1.0;0.0;0.0;0.0;1.0;0.0;0.0;0.0;1.0,0.0;0.0;0.0
43,train/lizard/images/00364.png,lizard,lizard,1.0;0.0;0.0;0.0;1.0;0.0;0.0;0.0;1.0,0.0;0.0;0.0
44,train/lizard/images/00357.png,lizard,lizard,1.0;0.0;0.0;0.0;1.0;0.0;0.0;0.0;1.0,0.0;0.0;0.0
45,train/lizard/images/00346.png,lizard,lizard,1.0;0.0;0.0;0.0;1.0;0.0;0.0;0.0;1.0,0.0;0.0;0.0
46,train/lizard/images/00342.png,lizard,lizard,1.0;0.0;0.0;0.0;1.0;0.0;0.0;0.0;1.0,0.0;0.0;0.0
47,train/lizard/images/00339.png,lizard,lizard,1.0;0.0;0.0;0.0;1.0;0.0;0.0;0.0;1.0,0.0;0.0;0.0
48,train/lizard/images/00334.png,lizard,lizard,1.0;0.0;0.0;0.0;1.0;0.0;0.0;0.0;1.0,0.0;0.0;0.0
49,train/lizard/images/00330.png,lizard,lizard,1.0;0.0;0.0;0.0;1.0;0.0;0.0;0.0;1.0,0.0;0.0;0.0
50,train/lizard/images/00329.png,lizard,lizard,1.0;0.0;0.0;0.0;1.0;0.0;0.0;0.0;1.0,0.0;0.0;0.0
51,train/lizard/images/00328.png,lizard,lizard,1.0;0.0;0.0;0.0;1.0;0.0;0.0;0.0;1.0,0.0;0.0;0.0
52,train/lizard/images/00325.png,lizard,lizard,1.0;0.0;0.0;0.0;1.0;0.0;0.0;0.0;1.0,0.0;0.0;0.0
53,train/lizard/images/00323.png,lizard,lizard,1.0;0.0;0.0;0.0;1.0;0.0;0.0;0.0;1.0,0.0;0.0;0.0
54,train/lizard/images/00318.png,lizard,lizard,1.0;0.0;0.0;0.0;1.0;0.0;0.0;0.0;1.0,0.0;0.0;0.0
55,train/lizard/images/00315.png,lizard,lizard,1.0;0.0;0.0;0.0;1.0;0.0;0.0;0.0;1.0,0.0;0.0;0.0
56,train/lizard/images/00311.png,lizard,lizard,1.0;0.0;0.0;0.0;1.0;0.0;0.0;0.0;1.0,0.0;0.0;0.0
57,train/lizard/images/00304.png,lizard,lizard,1.0;0.0;0.0;0.0;1.0;0.0;0.0;0.0;1.0,0.0;0.0;0.0
58,train/lizard/images/00303.png,lizard,lizard,1.0;0.0;0.0;0.0;1.0;0.0;0.0;0.0;1.0,0.0;0.0;0.0
59,train/lizard/images/00299.png,lizard,lizard,1.0;0.0;0.0;0.0;1.0;0.0;0.0;0.0;1.0,0.0;0.0;0.0
60,train/lizard/images/00294.png,lizard,lizard,0.9621621738461624;-0.1381016768790002;0.2348869474083975;0.23263340917381947;0.8651702460888093;-0.4442545916687811;-0.14186489402171826;0.4820875150072208;0.8645611486288112,-2.1471315281063306;-0.5130937776070198;-0.9560392942050184
61,train/lizard/images/00291.png,lizard,lizard,0.9934806882976158;-0.07664159831942996;0.08439305295306385;0.10545902452253081;0.8990151364317697;-0.42502962086579665;-0.04329568253823626;0.4311587293255348;0.9012367247288242,-1.998456878434071;-0.3273803182371083;-1.0215711756284946
62,train/lizard/images/00282.png,lizard,lizard,0.8239066358112115;0.2808294318165745;-0.49225266448423793;-0.3448332108788339;0.9377149502113349;-0.0421986827418515;0.4497420506704321;0.2045128415912646;0.8694288846610865,-0.6872452177443913;-0.8059246475717204;0.04491645696624827
63,train/lizard/images/00281.png,lizard,lizard,0.7871996931316808;0.31171204036618844;-0.5321205192662047;-0.37143474808137494;0.9284420947241478;-0.005612901385381883;0.49229348061000483;0.20206652527072416;0.8466500152447307,-0.5809852889950284;-0.8115628359358692;0.30744953573389167
64,train/lizard/images/00274.png,lizard,lizard,0.5748256793578123;0.5156070749652633;-0.6353934077377534;-0.5350377910449591;0.8243458383165478;0.18490132775055637;0.6191203441210442;0.23367345398216158;0.749724426972662,-0.26725857659423924;-1.0820757798009983;1.2844564159563647
65,train/lizard/images/00273.png,lizard,lizard,0.5308293588358323;0.5451170922598749;-0.6488971779288906;-0.5485475987608119;0.8046521916602043;0.22722319941013322;0.645999786139041;0.2353342435400527;0.7261556789874638,-0.14750145109622947;-1.027417105240786;1.4399044329896942
66,train/lizard/images/00115.png,lizard,lizard,0.9950717596905764;-0.09913666261659208;0.0020285934890415425;0.09894972432477765;0.9914562569367541;-0.08499083854752498;0.006414446379095835;0.08477271203757106;0.9963796676826785,-1.450720228275721;0.2780439667640136;-1.4292538209135663
67,train/lizard/images/00110.png,lizard,lizard,1.0;0.0;0.0;0.0;1.0;0.0;0.0;0.0;1.0,0.0;0.0;0.0
68,train/lizard/images/00108.png,lizard,lizard,1.0;0.0;0.0;0.0;1.0;0.0;0.0;0.0;1.0,0.0;0.0;0.0
69,train/lizard/images/00107.png,lizard,lizard,1.0;0.0;0.0;0.0;1.0;0.0;0.0;0.0;1.0,0.0;0.0;0.0
70,train/lizard/images/00099.png,lizard,lizard,1.0;0.0;0.0;0.0;1.0;0.0;0.0;0.0;1.0,0.0;0.0;0.0
71,train/lizard/images/00097.png,lizard,lizard,0.9969916646676861;-0.036102762489375294;0.06858725190435946;0.02243266311500554;0.9814274783904033;0.19051740153020932;-0.074191618183761;-0.18840566658381083;0.9792848965395029,-1.555234492865669;-0.04868154615291056;-1.548755259123403
72,train/lizard/images/00088.png,lizard,lizard,0.9546088992428226;-0.06467948801021264;-0.29075490248170094;0.06319140462658407;0.9978958664345019;-0.014515031321150335;0.2910819401263603;-0.004517032617925748;0.9566874623138962,-0.7312467095190933;-0.6831443083352523;-0.09277804396500794
73,train/lizard/images/00085.png,lizard,lizard,0.8149644990882117;0.22878698021060073;-0.5324372102999699;-0.25703137504264517;0.9661585885098197;0.02173600911851057;0.519391699461579;0.11913899250382753;0.846190382240064,0.7808091674978156;0.009587321473221949;0.5523792814067243
74,train/lizard/images/00081.png,lizard,lizard,0.6757154992456409;0.27450252553341425;-0.6841468611014683;-0.3370340902630491;0.940442269260995;0.044456272760872634;0.6556039857107134;0.20054102239444047;0.7279881264534602,1.6233329790555613;0.2006569330810503;1.2308028581954873
75,train/lizard/images/00075.png,lizard,lizard,0.5163470564987533;0.3928534364760665;-0.7609545943707933;-0.48936500357313695;0.8645586962142606;0.11428103113886197;0.7027856077943949;0.31337587375106446;0.6386610613054627,2.6212503487477328;0.07142468195505663;2.231883062252826
76,train/lizard/images/00073.png,lizard,lizard,0.3640805044026322;0.44848328094802925;-0.816276995280411;-0.5158415129390812;0.8268262033719018;0.22420072021812532;0.7754694835018621;0.33944244891836595;0.5323775953490697,2.8226583890232706;0.034596771517181775;2.8543116271157856
77,train/lizard/images/00071.png,lizard,lizard,0.3679999475015808;0.5144987440689738;-0.7745108656373276;-0.5429593935758651;0.7951029638091752;0.27019691683954217;0.7548318591359024;0.321095498712321;0.5719497750153619,3.496110307228204;-0.037234428463643124;3.0178561485639945
78,train/lizard/images/00029.png,lizard,lizard,1.0;0.0;0.0;0.0;1.0;0.0;0.0;0.0;1.0,0.0;0.0;0.0
79,train/lizard/images/00028.png,lizard,lizard,1.0;0.0;0.0;0.0;1.0;0.0;0.0;0.0;1.0,0.0;0.0;0.0
80,train/lizard/images/00027.png,lizard,lizard,1.0;0.0;0.0;0.0;1.0;0.0;0.0;0.0;1.0,0.0;0.0;0.0
81,train/lizard/images/00024.png,lizard,lizard,1.0;0.0;0.0;0.0;1.0;0.0;0.0;0.0;1.0,0.0;0.0;0.0
82,train/lizard/images/00020.png,lizard,lizard,1.0;0.0;0.0;0.0;1.0;0.0;0.0;0.0;1.0,0.0;0.0;0.0
83,train/lizard/images/00016.png,lizard,lizard,0.7460905322704294;-0.20434898029937332;-0.6337116157267701;0.3330263596632953;0.9386701940056132;0.08939636824210474;0.5765781485851165;-0.2777404564266266;0.7683865416820419,0.9125511256454152;-0.2377351352786118;-1.9006347815642768
84,train/lizard/images/00014.png,lizard,lizard,0.9945824846776821;-0.09583644026537665;-0.040262363189821834;0.1034441902886201;0.9506613720292039;0.2924760763328915;0.010246007412645235;-0.29505649026722414;0.9554248724432955,-1.3633463008979507;-0.3472987407113395;-1.698081385057732
85,train/lizard/images/00004.png,lizard,lizard,0.7453410495269477;-0.31614447019488146;0.5869577445227772;0.2607567343153989;0.9485194905098361;0.17976846673465696;-0.6135736674591215;0.01906436697503215;0.7894073121732562,-2.3526035018958287;-1.2215409672071948;1.327896150182147
86,train/lizard/images/00005.png,lizard,lizard,0.990305666192772;0.04338900446581018;-0.13195484757278078;-0.024360428205740636;0.9894893894157911;0.1425388289947612;0.1367525394430497;-0.1379425334152984;0.9809539237042922,-0.9947964127451292;0.1728691702458678;-2.216532077873005
87,train/lizard/images/00135.png,lizard,lizard,1.0;0.0;0.0;0.0;1.0;0.0;0.0;0.0;1.0,0.0;0.0;0.0
88,train/lizard/images/00032.png,lizard,lizard,1.0;0.0;0.0;0.0;1.0;0.0;0.0;0.0;1.0,0.0;0.0;0.0
89,train/lizard/images/00034.png,lizard,lizard,1.0;0.0;0.0;0.0;1.0;0.0;0.0;0.0;1.0,0.0;0.0;0.0
90,train/lizard/images/00038.png,lizard,lizard,0.1922818777352453;0.41711850667724815;-0.888279140181706;-0.45282382129460597;0.840756257577899;0.2967819101828081;0.8706194727679591;0.3451681716655638;0.350543388051027,2.9379076200262926;0.1259770420372195;4.433941491893063
91,train/lizard/images/00051.png,lizard,lizard,1.0;0.0;0.0;0.0;1.0;0.0;0.0;0.0;1.0,0.0;0.0;0.0
92,train/lizard/images/00053.png,lizard,lizard,0.3777179058904989;0.34620648853538527;-0.858760881075573;-0.5537448038032073;0.8277907868507917;0.09016155203796458;0.7420888597941918;0.4414787429774454;0.5043814465941536,1.9857456186483498;-0.28251553436911037;2.6400163821322336
93,train/lizard/images/00142.png,lizard,lizard,1.0;0.0;0.0;0.0;1.0;0.0;0.0;0.0;1.0,0.0;0.0;0.0
94,train/lizard/images/00143.png,lizard,lizard,1.0;0.0;0.0;0.0;1.0;0.0;0.0;0.0;1.0,0.0;0.0;0.0
95,train/lizard/images/00145.png,lizard,lizard,1.0;0.0;0.0;0.0;1.0;0.0;0.0;0.0;1.0,0.0;0.0;0.0
96,train/lizard/images/00543.png,lizard,lizard,0.9893062759242436;-0.09329336138844081;-0.11211351897853472;0.09581411414281711;0.9952489237053628;0.01729842172986247;0.10996703118631374;-0.02785549468529947;0.9935448271054033,-0.8404610001958258;-1.7079430654926102;2.1323602222359668
97,train/lizard/images/00151.png,lizard,lizard,1.0;0.0;0.0;0.0;1.0;0.0;0.0;0.0;1.0,0.0;0.0;0.0
98,train/lizard/images/00551.png,lizard,lizard,0.8965953138777327;-0.2821650829711715;0.3413205371558557;0.23266785097799725;0.9559284161400392;0.179071310759922;-0.3768056717377944;-0.08114018220258068;0.922731681789653,-2.5123014004591573;-0.4754857550536795;-0.18610697330310416
99,train/lizard/images/00228.png,lizard,lizard,-0.16118297189069986;0.48964710742219963;-0.8568930853762068;-0.6428753199796894;0.6066827517976554;0.46759743544232224;0.7488199867347921;0.6262441607426752;0.21699511193160193,3.328943750987222;-1.1938231568630717;5.882195846074118
100,train/lizard/images/00230.png,lizard,lizard,-0.22854687341753244;0.48247576137729287;-0.8455669496464914;-0.6360114545055465;0.5835833935693783;0.5048958828192079;0.7370588554442649;0.6531826409461979;0.17348395077856826,2.5678436911493128;-1.487176120115315;5.971243284856846
101,train/lizard/images/00231.png,lizard,lizard,-0.26530461357244306;0.47160889598828615;-0.8409509565021533;-0.626021606091444;0.5790911265232983;0.5222551252871208;0.7332873998125604;0.6650101626341414;0.1416018109681053,2.1829810221665853;-1.5305968714159943;5.965619445799987
102,train/lizard/images/00233.png,lizard,lizard,-0.18744823617879103;0.46123687932124935;-0.8672506557549877;-0.6619812131622644;0.5929673180728714;0.4584437076868686;0.7257024405179284;0.6600381056056246;0.19417947104382938,2.3064524502314665;-1.592583618250342;5.686707635425425
103,train/lizard/images/00634.png,lizard,lizard,0.9785845294674743;-0.1791711825700773;-0.10134103819954621;0.1560189629854729;0.9667456808508919;-0.20263482362388577;0.13427733195092717;0.1824841798419405;0.9739964693116474,0.8737230801416781;-1.092795212113374;2.2274612051757074
104,train/lizard/images/00555.png,lizard,lizard,0.9369744249145193;-0.14872503271364476;0.31616418472121577;0.11863717598489475;0.9865455576299615;0.11248592443020342;-0.32863984470912055;-0.06788760833107627;0.9420122743917149,-2.322952109752087;-0.13139496268535486;-0.5182287484932662
105,train/lizard/images/00562.png,lizard,lizard,1.0;0.0;0.0;0.0;1.0;0.0;0.0;0.0;1.0,0.0;0.0;0.0
106,train/lizard/images/00178.png,lizard,lizard,1.0;0.0;0.0;0.0;1.0;0.0;0.0;0.0;1.0,0.0;0.0;0.0
107,train/lizard/images/00180.png,lizard,lizard,1.0;0.0;0.0;0.0;1.0;0.0;0.0;0.0;1.0,0.0;0.0;0.0
108,train/lizard/images/00186.png,lizard,lizard,1.0;0.0;0.0;0.0;1.0;0.0;0.0;0.0;1.0,0.0;0.0;0.0
109,train/lizard/images/00189.png,lizard,lizard,1.0;0.0;0.0;0.0;1.0;0.0;0.0;0.0;1.0,0.0;0.0;0.0
110,train/lizard/images/00587.png,lizard,lizard,1.0;0.0;0.0;0.0;1.0;0.0;0.0;0.0;1.0,0.0;0.0;0.0
111,train/lizard/images/00191.png,lizard,lizard,1.0;0.0;0.0;0.0;1.0;0.0;0.0;0.0;1.0,0.0;0.0;0.0
112,train/lizard/images/00192.png,lizard,lizard,1.0;0.0;0.0;0.0;1.0;0.0;0.0;0.0;1.0,0.0;0.0;0.0
113,train/lizard/images/00591.png,lizard,lizard,1.0;0.0;0.0;0.0;1.0;0.0;0.0;0.0;1.0,0.0;0.0;0.0
114,train/lizard/images/00592.png,lizard,lizard,1.0;0.0;0.0;0.0;1.0;0.0;0.0;0.0;1.0,0.0;0.0;0.0
115,train/lizard/images/00196.png,lizard,lizard,1.0;0.0;0.0;0.0;1.0;0.0;0.0;0.0;1.0,0.0;0.0;0.0
116,train/lizard/images/00593.png,lizard,lizard,1.0;0.0;0.0;0.0;1.0;0.0;0.0;0.0;1.0,0.0;0.0;0.0
117,train/lizard/images/00198.png,lizard,lizard,1.0;0.0;0.0;0.0;1.0;0.0;0.0;0.0;1.0,0.0;0.0;0.0
118,train/lizard/images/00597.png,lizard,lizard,1.0;0.0;0.0;0.0;1.0;0.0;0.0;0.0;1.0,0.0;0.0;0.0
119,train/lizard/images/00205.png,lizard,lizard,1.0;0.0;0.0;0.0;1.0;0.0;0.0;0.0;1.0,0.0;0.0;0.0
120,train/lizard/images/00602.png,lizard,lizard,1.0;0.0;0.0;0.0;1.0;0.0;0.0;0.0;1.0,0.0;0.0;0.0
121,train/lizard/images/00210.png,lizard,lizard,1.0;0.0;0.0;0.0;1.0;0.0;0.0;0.0;1.0,0.0;0.0;0.0
122,train/lizard/images/00609.png,lizard,lizard,1.0;0.0;0.0;0.0;1.0;0.0;0.0;0.0;1.0,0.0;0.0;0.0
123,train/lizard/images/00613.png,lizard,lizard,1.0;0.0;0.0;0.0;1.0;0.0;0.0;0.0;1.0,0.0;0.0;0.0
124,train/lizard/images/00223.png,lizard,lizard,-0.121832331132949;0.5075819506103826;-0.8529463327227985;-0.5874406737619106;0.6558014310032287;0.47417078980497085;0.8000439599802401;0.5588247010545225;0.21827646595650085,4.366613826714193;-0.5733296058354511;5.968362418388519
125,train/lizard/images/00621.png,lizard,lizard,1.0;0.0;0.0;0.0;1.0;0.0;0.0;0.0;1.0,0.0;0.0;0.0
126,train/lizard/images/00636.png,lizard,lizard,0.9507221240729866;0.04183580109904449;-0.30720873774121354;-0.03699468147715264;0.9990826948299952;0.02156762466380212;0.3078292324334266;-0.009139728531844575;0.9513977238893373,0.5622235239098918;-0.6907097224349109;0.8529058241188777
127,train/lizard/images/00638.png,lizard,lizard,0.930383340107654;0.07872738992626051;-0.3580346889974824;-0.031486225081284305;0.990219708235196;0.13591742733267861;0.3652334295765602;-0.11518214921593453;0.9237627479075685,0.7555326212619274;-0.22627199814177607;0.8428373394766769
128,train/lizard/images/00241.png,lizard,lizard,0.4823934369891866;0.4935178897036695;-0.7236965278983978;-0.7372366437706893;0.6749153735335232;-0.031166803651231312;0.4730525372846966;0.5485702608696004;0.6894142193616035,5.64008146523012;-0.354116133841912;2.72832162856845
129,train/lizard/images/00642.png,lizard,lizard,0.9135315526137942;-0.054407041157944584;-0.4031128579584983;-0.004962815636140504;0.9894499534260421;-0.14479005534277825;0.4067375970327705;0.1342708588549311;0.9036237400723637,1.752293558388056;0.428132458794338;0.8093768936403061
130,train/lizard/images/00643.png,lizard,lizard,0.8755500867213338;-0.002517725611991213;-0.4831207992831686;-0.09682360021325745;0.9787843704219649;-0.1805722754451005;0.4733257188068362;0.2048775665499292;0.8567309651463353,1.974205734923937;0.3600517419530363;1.0573133782630149
131,train/lizard/images/00647.png,lizard,lizard,0.5294005172096243;0.24544879298107647;-0.8120898856667992;-0.38926620952055513;0.9207982738251392;0.024542963271438928;0.7537950056239969;0.30312609413373925;0.5830160036838972,2.237394476977099;0.12175757552756834;2.3653110419287824
132,train/lizard/images/00251.png,lizard,lizard,0.12538178119299437;0.5373906691387018;-0.833960837010666;-0.7506616023011532;0.6010011674627034;0.2744171196174413;0.6486806361959155;0.5916154709193514;0.4787531376328895,2.992076794417167;-1.410595584962907;3.450504985437783
133,train/lizard/images/00252.png,lizard,lizard,0.08294104300478611;0.570205519636962;-0.8173043795066932;-0.7213890475115563;0.6001795711852347;0.34551747345435013;0.6875453625148293;0.5609368482346745;0.46111953632100844,2.608698876882626;-1.6027246054035738;3.54797664976858
134,train/lizard/images/00254.png,lizard,lizard,0.09348975812609628;0.6294826087607497;-0.7713697624312772;-0.629533493466248;0.6376002745303722;0.4440196735764932;0.7713282347546377;0.4440918094116971;0.4558894812163792,2.1894653735641394;-1.5438658849498563;3.672184070438251
135,train/lizard/images/00256.png,lizard,lizard,0.18074040064791497;0.6810415744279892;-0.70958810691434;-0.5709069710339061;0.6601286186967894;0.4881551364088671;0.8008733595260377;0.3168794418672731;0.5081232934272581,2.0897509812500727;-1.4649808562389688;3.4011334610616544
136,train/lizard/images/00261.png,lizard,lizard,0.3237346897161265;0.7029800645335808;-0.6332573564853125;-0.5454205659856065;0.6855586732807093;0.48220919909260784;0.7731185270541278;0.18928374034226078;0.6053589090512335,1.6160775452944176;-1.3880229826118708;2.9562839461515074
137,train/lizard/images/00659.png,lizard,lizard,0.9714508158458988;0.0616142051387612;-0.22910041928695032;-0.04119160123623261;0.9948245368077347;0.09288376043674866;0.23363767756920753;-0.08079499174079276;0.9689610956739555,-0.4273405983681461;-0.7391044976862706;0.523855238860414
138,train/lizard/images/00667.png,lizard,lizard,0.9715600032505194;-0.20667668932608327;-0.11556775576717083;0.2124935880837953;0.9763279899440713;0.04037488173411399;0.10448748780177043;-0.06378402731859298;0.9924786963718143,-2.4996121323292595;-1.018442572442982;-0.35938116933693653
139,train/lizard/images/00668.png,lizard,lizard,0.960928743603926;-0.27312396511306447;-0.04493605898048784;0.27498806733792913;0.9605126204070165;0.0423918489877145;0.031583421878113783;-0.0530924261996394;0.9980900168535426,-2.8656867835734974;-1.185508275234979;-0.21731430109068067
140,train/lizard/images/00675.png,lizard,lizard,1.0;0.0;0.0;0.0;1.0;0.0;0.0;0.0;1.0,0.0;0.0;0.0
141,train/lizard/images/00683.png,lizard,lizard,1.0;0.0;0.0;0.0;1.0;0.0;0.0;0.0;1.0,0.0;0.0;0.0
142,train/lizard/images/00684.png,lizard,lizard,1.0;0.0;0.0;0.0;1.0;0.0;0.0;0.0;1.0,0.0;0.0;0.0
143,train/lizard/images/00689.png,lizard,lizard,1.0;0.0;0.0;0.0;1.0;0.0;0.0;0.0;1.0,0.0;0.0;0.0
144,train/lizard/images/00694.png,lizard,lizard,1.0;0.0;0.0;0.0;1.0;0.0;0.0;0.0;1.0,0.0;0.0;0.0
145,train/lizard/images/00701.png,lizard,lizard,1.0;0.0;0.0;0.0;1.0;0.0;0.0;0.0;1.0,0.0;0.0;0.0
146,train/lizard/images/00712.png,lizard,lizard,1.0;0.0;0.0;0.0;1.0;0.0;0.0;0.0;1.0,0.0;0.0;0.0
147,train/lizard/images/00721.png,lizard,lizard,1.0;0.0;0.0;0.0;1.0;0.0;0.0;0.0;1.0,0.0;0.0;0.0
148,train/lizard/images/00730.png,lizard,lizard,1.0;0.0;0.0;0.0;1.0;0.0;0.0;0.0;1.0,0.0;0.0;0.0
149,train/lizard/images/00731.png,lizard,lizard,1.0;0.0;0.0;0.0;1.0;0.0;0.0;0.0;1.0,0.0;0.0;0.0
