,image_path,dataset,scene,rotation_matrix,translation_vector
0,train/lizard/images/00539.png,lizard,lizard,0.9730072520309863;-0.06913027377764795;0.220176957791991;0.05902069967243449;0.9968923020258691;0.05217561855636787;-0.22309962910163036;-0.037772257133917055;0.9740635564919387,-0.2707678828421717;-1.5961021320207978;2.7915429737911324
1,train/lizard/images/00535.png,lizard,lizard,0.9256340981727703;-0.14659280025304106;0.3488725658658965;0.11537782509858618;0.9873504045666058;0.10875263710678353;-0.360401822658269;-0.06041299128607773;0.9308387597798374,-0.6030311534759114;-1.7161776509501334;3.125015041234053
2,train/lizard/images/00531.png,lizard,lizard,0.9351247204551891;-0.08619813565074047;0.34367373860093087;0.07127374229809097;0.9958919752193109;0.05585004344317547;-0.34707608798710077;-0.027731842782545407;0.937426868637471,-1.448659259505999;-1.8883408185463855;3.299227847377797
3,train/lizard/images/00517.png,lizard,lizard,0.9370347058223489;-0.05067074183430546;0.34554078776084474;-0.00563847421883305;0.9870944695391402;0.16003973198467653;-0.34919073254155464;-0.15191110600349372;0.9246560702119939,0.568519089292058;-2.6932826879459704;4.650082340779822
4,train/lizard/images/00511.png,lizard,lizard,0.9240400056828816;-0.06658653337955675;0.3764522565612715;-0.10157387328619513;0.906559109912234;0.4096746617753874;-0.36855503817370366;-0.4167934906013184;0.8309334329711067,0.416707463994964;-1.980586850670757;7.503035014811429
5,train/lizard/images/00510.png,lizard,lizard,0.9594251878859688;-0.04129310116721496;0.2789232665913113;-0.0941916042634163;0.8854537849319349;0.4550819008002787;-0.2657654050779701;-0.46288926812543935;0.8456372005287123,-0.29723069854281176;-1.6054418227288996;7.847527855022351
6,train/lizard/images/00502.png,lizard,lizard,0.9900473616065611;0.1271449600126502;-0.060335569271108946;-0.11828808099071965;0.9840680851491789;0.13273256452868454;0.07625058472838192;-0.12427454660633463;0.9893137446707034,0.09004789739655984;-0.7259678945036705;1.4131055014611003
7,train/lizard/images/00500.png,lizard,lizard,0.9981345493570023;0.010428905267735157;0.0601552933232858;-0.023252495546344745;0.9759794808643961;0.21661803798975518;-0.05645124295142814;-0.21761270842159106;0.9744013373875564,0.23536514166937278;-0.8875791786402103;2.5044246269607977
8,train/lizard/images/00497.png,lizard,lizard,0.9691249407144161;-0.000990540603245861;0.24656818147237228;-0.05666396194539868;0.9723332739055923;0.22662126968288462;-0.23997092470115997;-0.23359585459794793;0.9422562984733637,-0.21442923352454826;-1.5547390958480216;3.7936053621308634
9,train/lizard/images/00492.png,lizard,lizard,0.8943515886722295;-0.09648962779497283;0.43683519497339823;-0.04021956019022724;0.9551667887172484;0.29332369953633836;-0.44555316497311964;-0.27990383609298214;0.8503741645433903,-0.34039631582528135;-2.1159783017586706;5.318893596184475
10,train/lizard/images/00487.png,lizard,lizard,0.9196104140275045;-0.13328575068831827;0.36952888260001154;-0.02664592497097131;0.9173491827751545;0.3971907243934549;-0.39192688233215517;-0.3751071653877163;0.8400523396671123,-0.7798473841931001;-2.37199274813114;7.460620713152352
11,train/lizard/images/00486.png,lizard,lizard,0.9658199800684414;-0.05909949579334179;0.25238663930083216;-0.04746638164614781;0.9168760231243008;0.39633988044756324;-0.25483074522909877;-0.39477285597763595;0.8827319431567224,-1.5556106172060635;-2.360318182913178;7.832707612832831
12,train/lizard/images/00485.png,lizard,lizard,0.9658813345812329;-0.04800253300696699;0.25449755270432656;-0.052696470956081244;0.9256891189286807;0.3745967659308042;-0.25356720895327006;-0.3752271471015362;0.8915762775117397,-1.3050350457634454;-2.585059000636932;8.015925141558478
13,train/lizard/images/00481.png,lizard,lizard,0.9987820982282825;0.013768685380189188;-0.04737872477822731;0.009275227397135162;0.8907542693511938;0.45439058285725115;0.04845916234770345;-0.4542766282074418;0.8895417104605251,-0.8982267668088584;-1.6526897501962854;8.991405123694202
14,train/lizard/images/00478.png,lizard,lizard,0.8599403892456295;0.2994352971714595;-0.41332920263624606;-0.17392466437264625;0.9332715484833697;0.31425217248941284;0.47984657763386995;-0.1983499926879078;0.85463708223653,-5.840305290633448;-2.858205972331883;6.922260030452229
15,train/lizard/images/00476.png,lizard,lizard,0.8673472066708212;0.2576571569332545;-0.4258187555303266;-0.15492664576690104;0.9528320248983856;0.2609767552090787;0.4729762758445089;-0.16038678813765958;0.8663541543036223,-4.927040959462224;-3.514503404292254;7.357575843387224
16,train/lizard/images/00472.png,lizard,lizard,0.7621878772575441;0.3453535664790739;-0.5475404586711586;-0.22477149212725533;0.934371582105265;0.27645528188296764;0.6070810622054735;-0.08763937855945697;0.7897923291835558,-4.68226416790433;-3.6089778699564965;8.1313515390062
17,train/lizard/images/00471.png,lizard,lizard,0.7335840128806763;0.35531216663876425;-0.5793166321489058;-0.23699151561261675;0.9326762144862704;0.2719376775277661;0.636937608854681;-0.06219600606170403;0.76840232902852,-4.739229121851157;-3.716672175373931;8.319698590185979
18,train/lizard/images/00469.png,lizard,lizard,0.6580627719391741;0.41869674252268657;-0.6258166073128948;-0.2892562588434377;0.9079364382452679;0.303285741218401;0.6951864533401302;-0.01855968500238736;0.7185898226283081,-4.745496765611664;-3.7760043292727374;9.278281601581034
19,train/lizard/images/00465.png,lizard,lizard,0.952383709924293;0.22416728744852665;-0.20667437264646465;-0.2295184219577232;0.9733023244027819;-0.001969592388914577;0.20071512910808853;0.04931138357531212;0.9784078006623883,-0.9393930992455328;-1.0004360068304874;1.184704345983325
20,train/lizard/images/00464.png,lizard,lizard,0.9945519356553043;0.09134568825553901;0.05022362513209652;-0.09029812186481992;0.9956548933395672;-0.02275044080146746;-0.05208355279715092;0.018091395913439792;0.9984788455054666,-0.25306965812155463;-0.9722598389554208;1.0864031793818505
21,train/lizard/images/00463.png,lizard,lizard,0.9946150155043565;0.021354020161602275;0.10141487443273108;-0.019489009478581204;0.9996228969083829;-0.019345347917169936;-0.10178973151950298;0.017264698069484524;0.9946561118083762,-0.0759165034255536;-0.932963735599211;1.0253127816584433
22,train/lizard/images/00460.png,lizard,lizard,0.9962821209180184;0.06866878865799661;-0.052024350100105754;-0.06990799467056477;0.9973022609004674;-0.02238465286656286;0.050346874979836295;0.025938347423450636;0.9983949089977898,-0.687507058209568;-0.8991970890404506;0.8281227218242079
23,train/lizard/images/00457.png,lizard,lizard,0.9675337133727924;0.23140180798163032;0.10164505275657958;-0.25243422709960167;0.8649207739625167;0.4338075791831075;0.012468940439423662;-0.44538214830739903;0.8952537447525166,-1.1320083784894306;-1.1284189062944552;-0.2511655896671526
24,train/lizard/images/00455.png,lizard,lizard,0.9973321925543283;0.07289272459607002;-0.0038920940042350667;-0.07297585863460976;0.9969008170122796;-0.029381713646261895;0.0017383185317329725;0.029587357793675474;0.9995606867556723,-0.7995460110132933;-0.8537312750594596;0.7440921351024722
25,train/lizard/images/00451.png,lizard,lizard,0.8828404792474699;0.2734550365318637;-0.38185734404022514;-0.20451401555734966;0.95572334302245;0.2115819204057863;0.42280811917784394;-0.10869790521141356;0.899676641777447,-0.9890787222421663;-0.16464740316395787;-0.29077529766526583
26,train/lizard/images/00444.png,lizard,lizard,0.8804808724491691;-0.10994693437509914;0.46115626947127986;0.324983885464172;0.8481982558401867;-0.4182645012169633;-0.3451650437685717;0.5181422492049677;0.7825533222401251,-1.3441904011457741;-0.5193619104366709;-0.22195623015013374
27,train/lizard/images/00440.png,lizard,lizard,0.9982836550275629;0.056999708846111365;-0.013445344780570367;-0.056533881582182276;0.8780122552538367;-0.4752877021944953;-0.015286083149769529;0.4752320620660289;0.8797276981239185,-1.7493283075626571;0.16852605843443963;-0.8177874222730002
28,train/lizard/images/00433.png,lizard,lizard,0.9702941971403118;0.22433295980106815;-0.09057535063542434;-0.19919238924708854;0.9532697419943381;0.22715455325413256;0.13730099439506657;-0.20236482437652178;0.9696375172161943,-1.1245887953762908;-0.019517810296368714;-0.2746802693897934
29,train/lizard/images/00432.png,lizard,lizard,0.973419809672863;0.2194662918393923;-0.06548603578408058;-0.19952371634000188;0.9529987598044142;0.2279992333959108;0.11244625718236095;-0.20887295314979207;0.9714566015464423,-1.0124303753636263;-0.053801067615442816;-0.16450248706937737
30,train/lizard/images/00423.png,lizard,lizard,0.9761743984704656;0.16605741774735894;0.13967275246770147;-0.20598486896528478;0.9115421134321418;0.3558949412354983;-0.06821860104237809;-0.3761860037943244;0.9240293896955212,-0.9883279890196779;-0.8936335356408892;-0.2443540946565627
31,train/lizard/images/00421.png,lizard,lizard,0.9725289802243917;0.158070134999329;0.17088363012588004;-0.21661475032595404;0.8833311097174413;0.41569724625811294;-0.08523750679676921;-0.44129353386000064;0.8933054261608531,-1.048176260048067;-0.996811575850525;-0.1507416085817249
32,train/lizard/images/00410.png,lizard,lizard,0.9402077886393413;0.3313637836746451;0.07878678220832895;-0.3268196378512211;0.8125613401925956;0.4826313217552396;0.09590744755604931;-0.4795227953843654;0.8722726925738578,-1.269301312523668;-1.1474247056640139;-0.2434597656177635
33,train/lizard/images/00409.png,lizard,lizard,0.9416093250109563;0.32345239099312306;0.09354373208955938;-0.327493665145398;0.815242131143586;0.47762764461251406;0.07822901215051423;-0.4803736237235512;0.8735682018529857,-1.2493982619614095;-1.145226184795122;-0.231014678968204
34,train/lizard/images/00408.png,lizard,lizard,0.9435280189128362;0.31517459045006935;0.10207769129956702;-0.3264396718492142;0.8319280597693643;0.44870128594796604;0.056497948364484726;-0.45668444346508247;0.887832923993919,-1.2075403277874692;-1.146994173908141;-0.270002767192554
35,train/lizard/images/00406.png,lizard,lizard,0.9459849091925027;0.31674467124104344;0.06917633136019748;-0.3178249802049634;0.8638582726930784;0.3908147472363929;0.06402994250947854;-0.39169081932071675;0.9178662585159661,-1.1613352107986972;-1.1453617826930438;-0.3971038901246745
36,train/lizard/images/00405.png,lizard,lizard,0.9480662055025552;0.31606085895612096;0.03572119006844439;-0.30809552228100806;0.8846090324434334;0.35006286416854543;0.07904188215357578;-0.3428883100302658;0.9360448641546026,-1.1172766100612055;-1.1301259043024112;-0.48556145298776443
37,train/lizard/images/00396.png,lizard,lizard,1.0;0.0;0.0;0.0;1.0;0.0;0.0;0.0;1.0,0.0;0.0;0.0
38,train/lizard/images/00393.png,lizard,lizard,1.0;0.0;0.0;0.0;1.0;0.0;0.0;0.0;1.0,0.0;0.0;0.0
39,train/lizard/images/00383.png,lizard,lizard,0.9861201346654884;0.11563051995334855;0.11914974973803902;0.08945706201463824;0.23453568124754476;-0.9679826694096642;-0.13987320709495524;0.9652059868634614;0.22093639098143936,-1.24076071952072;0.9356299926157537;-0.7757729631703734
40,train/lizard/images/00380.png,lizard,lizard,0.8911525373759221;0.1371819595285398;0.4324676463139941;0.23343770726497237;0.6787097976105849;-0.6963187829250852;-0.38904240380108807;0.7214805060480214;0.5728105161721128,-1.593620262671195;-0.03680512443634871;-0.8085785335238833
41,train/lizard/images/00374.png,lizard,lizard,0.8521473673549667;-0.07800575885419103;0.5174552791262075;0.25019150269028007;0.9292224623775542;-0.27193717545524093;-0.45961840290786776;0.3611934620097334;0.8113508530283581,-1.239569543343661;-0.9160566040272085;-0.7129186794845557
42,train/lizard/images/00373.png,lizard,lizard,0.8379802607831874;-0.08833815867562017;0.5385029733061296;0.27933531290108254;0.9171623849340306;-0.2842269210130796;-0.46878658844318005;0.3885994459387739;0.7932399417023089,-1.2152158600324412;-0.9137467607511148;-0.7141209606497849
43,train/lizard/images/00364.png,lizard,lizard,1.0;0.0;0.0;0.0;1.0;0.0;0.0;0.0;1.0,0.0;0.0;0.0
44,train/lizard/images/00357.png,lizard,lizard,1.0;0.0;0.0;0.0;1.0;0.0;0.0;0.0;1.0,0.0;0.0;0.0
45,train/lizard/images/00346.png,lizard,lizard,0.8774314540494346;0.06447690922368671;0.4753491049972173;-0.12294804891540187;0.9880529820423118;0.09292514162050554;-0.46367857478278096;-0.13997868714292017;0.8748760749004133,-1.298030192598214;-1.0950392166335519;-0.31631238561533204
46,train/lizard/images/00342.png,lizard,lizard,0.7480706043977269;-0.07481101368501324;0.659388870900503;0.17032959628897582;0.9819838511803595;-0.08182630780515637;-0.6413877138393392;0.17352529571336406;0.7473357828202363,-1.2493263177154739;-1.117394791228659;-0.35488850432450886
47,train/lizard/images/00339.png,lizard,lizard,0.6887172025214192;-0.1008599816321038;0.7179804169030254;0.23100968977910807;0.9691923052719165;-0.08544471095315727;-0.687243143421039;0.22470767567415234;0.6907990462601185,-1.30608499038184;-1.1541108747837043;-0.2888113716145652
48,train/lizard/images/00334.png,lizard,lizard,0.6875918691972652;-0.08810538820264259;0.7207321707704414;0.23313793636654806;0.9668419894634378;-0.10422701203205015;-0.6876511645017104;0.23969565699036638;0.6853333991419055,-1.3244397186520396;-1.1376335261953718;-0.2970115563059336
49,train/lizard/images/00330.png,lizard,lizard,0.4974915093352199;-0.001119017198409844;0.8674681238753816;0.3420499736551647;0.9192305968742239;-0.1949792945231856;-0.797185056095425;0.3937179924397254;0.4576921768693085,-1.4685008718873918;-1.0600580063996743;0.012485959446698228
50,train/lizard/images/00329.png,lizard,lizard,0.418862646774508;0.018161434371949087;0.9078679669635927;0.3970015689377122;0.8955205424988347;-0.20107887065424798;-0.8166662950055235;0.4446494352455046;0.3678899867321821,-1.4753072340705737;-1.0989898737478696;0.10347480927566984
51,train/lizard/images/00328.png,lizard,lizard,0.3585251732864483;0.013104520225969085;0.9334280752524906;0.46118163817551777;0.8668760298370027;-0.18930780624100457;-0.8116472119890932;0.49835150290099767;0.3047533147098631,-1.4634929649533883;-1.154903622529418;0.13669693558088442
52,train/lizard/images/00325.png,lizard,lizard,0.5452177440045121;-0.18736395444225717;0.8170877310291657;0.6458813306112378;0.7152380654521493;-0.266967819214459;-0.5343921017291399;0.6732973030571464;0.5109753646757208,-1.3625432317423596;-1.073479355933092;-0.454815885773327
53,train/lizard/images/00323.png,lizard,lizard,0.831746378478986;-0.06821353493638294;0.5509490680077191;0.4213409647430509;0.7237683096623656;-0.5464716144118351;-0.3614827151005794;0.6866631980672657;0.6307328270381592,-1.4246877183452231;-0.5238431227046861;-0.7333188100785252
54,train/lizard/images/00318.png,lizard,lizard,0.9750337028577417;0.1968083225435321;0.10283852619092718;-0.08707375100878156;0.7648890109532996;-0.6382499219021839;-0.20427295507918244;0.6133606484772919;0.762929403498603,-1.1514121155687276;-0.00827550947623402;-0.9513277644514425
55,train/lizard/images/00315.png,lizard,lizard,0.9444489584830649;0.3282421919325604;0.016529617526188922;-0.28007322778836324;0.8301313912969037;-0.4821212090954666;-0.1719742768452931;0.4507093704581426;0.875948578105338,-1.1582835811617371;-0.11154992467432633;-1.0129328349784474
56,train/lizard/images/00311.png,lizard,lizard,0.96993719950999;0.23711347491977686;0.054763391222477927;-0.22693635687177977;0.9625545234979033;-0.14828580250141488;-0.08787331185565972;0.13140011151134068;0.9874271070607314,-1.1136210286800787;-0.6906869666387941;-0.9367752439499387
57,train/lizard/images/00304.png,lizard,lizard,0.909107232134944;0.2853426871036358;-0.3034857350789614;-0.30993824100796624;0.9501075237869249;-0.035128051531018084;0.27832054764395103;0.12599700059904048;0.9521882317059042,-0.727061531625499;-0.695829387518715;-1.185839886506301
58,train/lizard/images/00303.png,lizard,lizard,0.9034480675231045;0.304510724991303;-0.30175289170783276;-0.3529162594352134;0.9278947067365961;-0.12025608939452229;0.2433756419920144;0.2151386333866542;0.9457714656879312,-0.7398318094251214;-0.5474178108256119;-1.201063534948092
59,train/lizard/images/00299.png,lizard,lizard,0.9329086088703854;0.29357051685908137;-0.208561451679389;-0.34438016286187195;0.8966137031784168;-0.27836337887717266;0.10527977451891157;0.33151201924481954;0.9375585049336759,-0.8144652020398814;-0.2513789193557457;-0.8425149626783475
60,train/lizard/images/00294.png,lizard,lizard,0.9427060738819236;-0.035831762161755334;0.33169465338849313;0.19191201316180817;0.8714989306242882;-0.4512863759575556;-0.2729011496317141;0.4890865963621428;0.8284438808927151,-1.1040686480528317;-0.6192038192079905;-0.5309163501187111
61,train/lizard/images/00291.png,lizard,lizard,0.9828900337045268;0.024686090006380945;0.18253158248508997;0.060339555376036885;0.8931436296038003;-0.4457057268592942;-0.1740296517876667;0.44909359142426697;0.8763724245093047,-1.0451852131129635;-0.5315998889968556;-0.5128497163071712
62,train/lizard/images/00282.png,lizard,lizard,0.8353174417253002;0.3480129237017422;-0.4255957900238971;-0.4264058297629829;0.8987647296142758;-0.10198053316942313;0.3470199416368485;0.26666264406163676;0.899148594153611,-0.3841996951883405;-0.9916981323872358;0.644079866178825
63,train/lizard/images/00281.png,lizard,lizard,0.7993991290817346;0.3744515475923902;-0.4698372813315565;-0.45522769810654473;0.8878553307845537;-0.06693769098249029;0.3920826128508898;0.2673928759393465;0.8802114942426646,-0.34062427893849556;-0.99336895169019;0.8769676826785103
64,train/lizard/images/00274.png,lizard,lizard,0.577919396900709;0.5549918907195406;-0.5983253061015139;-0.6242415037206279;0.772876473962481;0.11394955475091428;0.5256726317001199;0.3076458308361613;0.793109278126664,-0.2787027527763184;-1.1975651093259767;1.705924770788376
65,train/lizard/images/00273.png,lizard,lizard,0.5319758683824397;0.5792948290878878;-0.6175914316526615;-0.6389279711856791;0.7532451096564654;0.15618211298087653;0.5556732161039445;0.31151132526868797;0.7708358911818032,-0.2149758674167647;-1.140293214989238;1.8437190987399588
66,train/lizard/images/00115.png,lizard,lizard,0.9957969064459034;-0.002155064990012664;0.09156351242529742;0.008487449685819914;0.9975926131006386;-0.0688254421334888;-0.09119476032426121;0.06931330306606635;0.9934179290245733,-0.6207501817735143;-0.012677613896605471;-0.8956763953632216
67,train/lizard/images/00110.png,lizard,lizard,0.9414873686848081;0.16737713079934094;-0.29255158637808926;-0.06899362114213109;0.9453068137214111;0.3188023026478468;0.32991122267763545;-0.27996414773547984;0.9015423790006181,-0.6606065991877906;-0.049394456631996;-0.5264288928823325
68,train/lizard/images/00108.png,lizard,lizard,0.7925385512162393;0.30304887261058455;-0.5291918609025634;-0.10899964824995595;0.924203343938615;0.3660153763628899;0.6000014345961602;-0.23239956941039225;0.7654989997514131,-0.5667979751282595;-0.022640252481181036;-0.6860606806653128
69,train/lizard/images/00107.png,lizard,lizard,0.6998670644138834;0.3351437894985357;-0.6307651960192908;-0.17657392316948223;0.9368571977183632;0.30186129387490784;0.6921038518930747;-0.09988609234451461;0.7148531504798115,-0.4698926786817925;0.016060883603343318;-0.7682490638758881
70,train/lizard/images/00099.png,lizard,lizard,0.9939998815965816;0.06692964357636227;-0.0865139190923795;-0.024142637550946856;0.9056801230018825;0.423273726861683;0.10668349655905214;-0.41864536019169746;0.9018617931545269,-0.4318490313333931;-0.0354248968575286;-0.0838977135901302
71,train/lizard/images/00097.png,lizard,lizard,0.9975425191316294;0.06736372133862223;0.019262698978475705;-0.06969858262139952;0.9821343480419418;0.1747976829846376;-0.00714353589553946;-0.1757107038391298;0.984415927568864,-0.3991663815433976;-0.15744188901419337;0.0613773363921451
72,train/lizard/images/00088.png,lizard,lizard,0.9804395795216843;0.018262902323513037;-0.1959711644759625;-0.028824264479511984;0.998273584398792;-0.051176288149914595;0.19469820924846246;0.05582398311039591;0.9792733480622926,-0.2237309718468179;-0.6610722600029673;0.4748255501409683
73,train/lizard/images/00085.png,lizard,lizard,0.8310896798407978;0.2820459932669512;-0.4793120087627463;-0.3425005690950393;0.9385978926466166;-0.04156147361324658;0.438158994238044;0.19870594757427193;0.8766599353038306,0.8022541771960563;-0.2545821490310987;1.073835520036967
74,train/lizard/images/00081.png,lizard,lizard,0.7026997982919491;0.3132273106856722;-0.6388283379133046;-0.4235477718906444;0.9056099600401625;-0.021860585594304593;0.5716819731344733;0.28593574823144563;0.7690386657876174,1.3193307390714155;-0.13536855324318756;1.640501951062128
75,train/lizard/images/00075.png,lizard,lizard,0.5363919149202011;0.4124167843724461;-0.7363396699731253;-0.5762970244184533;0.8163822474110571;0.03744016237288572;0.616575586002784;0.40426776037666257;0.675575402649742,1.985407853136043;-0.2772423295415997;2.4340390452948055
76,train/lizard/images/00073.png,lizard,lizard,0.38359686769776635;0.45030005962250297;-0.806277433267503;-0.6073045394391076;0.7807321626468567;0.14710026031729356;0.6957259801596573;0.4332287461754268;0.5729556824206841,2.0339205115337324;-0.2657125507472386;2.9411535363387107
77,train/lizard/images/00071.png,lizard,lizard,0.3779325711356244;0.5150115804155764;-0.7693699004462462;-0.6354754690930793;0.7486386677005472;0.1889737373406174;0.6733037203638097;0.41749636796192613;0.6102121621885725,2.587573508794581;-0.30782728390905023;3.0952387621602986
78,train/lizard/images/00029.png,lizard,lizard,-0.986799622124841;-0.15877987634036259;0.0318662304581248;-0.057755589600517306;0.5288786508198466;0.8467299832749962;-0.15129705100948854;0.8337123746090842;-0.5310676781536552,1.330488717215507;-1.3005934142525999;7.5292564427549475
79,train/lizard/images/00028.png,lizard,lizard,-0.8901388515684179;-0.347599718787543;0.2946646575809164;0.09895069384576084;0.48376478354743935;0.8695863352116003;-0.4448163498747547;0.8032098540842986;-0.39622259550154326,0.2984676540104411;-2.01845378371961;7.564779059838757
80,train/lizard/images/00027.png,lizard,lizard,0.3737958820490953;-0.1402945395952442;0.9168391793127614;0.42633180941988136;0.9038697518663633;-0.03550577330250357;-0.8237219353883379;0.40414961811289296;0.39767481607375377,-3.2341565812595383;-0.23169002744377581;3.483411175723564
81,train/lizard/images/00024.png,lizard,lizard,0.8487104419722467;0.16411046119910477;-0.5027507754467326;-0.0662434115923666;0.9761364594106748;0.2068076957702401;0.5246926682429232;-0.142215924334123;0.8393284427194833,0.6558088184167599;-0.17741327388471084;0.5021102428904629
82,train/lizard/images/00020.png,lizard,lizard,1.0;0.0;0.0;0.0;1.0;0.0;0.0;0.0;1.0,0.0;0.0;0.0
83,train/lizard/images/00016.png,lizard,lizard,0.8171270420678447;-0.12688978090024708;-0.5623187535771345;0.21358222606178465;0.9726894535041305;0.0908727668354426;0.5354306956385181;-0.19435588631405865;0.8219122578615854,0.8744283676053162;-0.1289446394980713;-0.4753733451257934
84,train/lizard/images/00014.png,lizard,lizard,0.9801877675454195;0.008281866246704492;0.19789732450389125;-0.05086760321506757;0.9761406319537764;0.21109702411932849;-0.19142734208435636;-0.21698128338719355;0.9572223855312647,-0.8777769266284411;-0.10710888632952507;-0.5151442718708242
85,train/lizard/images/00004.png,lizard,lizard,0.7080402822350828;-0.22650876852379281;0.6688592800539581;0.14903331177196366;0.9737583722286767;0.17199914097703722;-0.6902666374052457;-0.02210000670572053;0.7232175046200569,-1.1946930687669648;-0.9138907384619972;1.092793578061261
86,train/lizard/images/00005.png,lizard,lizard,0.9902655843260074;0.13408518331226651;-0.03735285953694868;-0.1294227601675952;0.9857546272850916;0.10741305291551569;0.05122325302118433;-0.10153313942819912;0.9935125565123883,-0.36330459124212394;0.02591286826190453;-1.1603545077746014
87,train/lizard/images/00135.png,lizard,lizard,0.8306102562180848;0.3227417910431798;-0.4537888700481405;-0.2742095175896335;0.946321386825947;0.17112852859496264;0.48466044064745795;-0.017707883839040317;0.8745231204041177,-3.540748707397174;1.3672109085208652;-2.4586794536369463
88,train/lizard/images/00032.png,lizard,lizard,-0.9416574753788298;0.048392786399871365;-0.33307557293747214;-0.29739740655923846;0.34373401182910546;0.8907309984971375;0.15759435787809128;0.9378193148663153;-0.30928781260933547,0.4991598880788309;-2.501483710837426;6.694350501901696
89,train/lizard/images/00034.png,lizard,lizard,-0.7559600850983115;0.11752839667864401;-0.6439809203014492;-0.4411465090008285;0.6353542951805737;0.6338096537541681;0.48364667613303836;0.763224734642257;-0.42845524514903577,0.04278775466426739;-0.34182763131222604;7.3299231019535185
90,train/lizard/images/00038.png,lizard,lizard,0.22863947391482642;0.4038077468814293;-0.8858122230622555;-0.5606857769059302;0.7984683752564625;0.2192708674007981;0.7958363214526872;0.4465283387130637;0.40897064953711115,1.9973250753159921;-0.12360225178371684;4.067864986686428
91,train/lizard/images/00051.png,lizard,lizard,0.9902131916833949;0.028102853106555737;0.1367042964337827;-0.07472666892430886;0.9340391640869814;0.34926603743159707;-0.11787179462306034;-0.3560632943718917;0.9269979344277821,-0.5825647166824536;-0.5021800519265917;2.6494237567613084
92,train/lizard/images/00053.png,lizard,lizard,0.4139821835244021;0.3496903770599816;-0.8404376192889133;-0.6322810647874426;0.7746627708858412;0.01087412133132859;0.6548583105035976;0.5268911003187646;0.5417991893397915,1.3624399900435724;-0.5997023151773924;2.7145931964193166
93,train/lizard/images/00142.png,lizard,lizard,1.0;0.0;0.0;0.0;1.0;0.0;0.0;0.0;1.0,0.0;0.0;0.0
94,train/lizard/images/00143.png,lizard,lizard,1.0;0.0;0.0;0.0;1.0;0.0;0.0;0.0;1.0,0.0;0.0;0.0
95,train/lizard/images/00145.png,lizard,lizard,0.48364784430678265;-0.4670886359302016;0.7402114352549991;0.44416642921326915;0.8596950997072521;0.25227072501436215;-0.754188932468076;0.20676687772513652;0.6232547732817313,-5.721110560079992;-1.0861671217308715;3.4982869552645384
96,train/lizard/images/00543.png,lizard,lizard,0.9997779662143635;0.000892721743808274;-0.02105282214238918;-0.0009758572140924307;0.9999917661288672;-0.003938956355000875;0.021049132404178657;0.003958626321974572;0.9997706053403822,-0.19437037400543467;-1.469297637461545;2.2600534763794475
97,train/lizard/images/00151.png,lizard,lizard,1.0;0.0;0.0;0.0;1.0;0.0;0.0;0.0;1.0,0.0;0.0;0.0
98,train/lizard/images/00551.png,lizard,lizard,0.8860427115437199;-0.18942364015979454;0.42313945439874184;0.12196004763679538;0.9758079262630577;0.18145147511834012;-0.4472740324461983;-0.10916764901198375;0.8877096171093977,-1.3267342314269872;-0.36274178603055185;0.06870315077074471
99,train/lizard/images/00228.png,lizard,lizard,-0.13512867380770777;0.44262220688707654;-0.8864681739833553;-0.7408147116387397;0.5489913343730122;0.38704273382011806;0.6579770547173978;0.7090092360144216;0.253716571614203,2.1242527262348836;-1.1732834627168993;5.0880895596734295
100,train/lizard/images/00230.png,lizard,lizard,-0.2012075381198306;0.4269333150996031;-0.8816141282113279;-0.7351259043626486;0.529010231218974;0.423955280661352;0.6473835272377224;0.733400381595013;0.20740889310136723,1.4914399559671547;-1.3796550594869155;5.133238746783397
101,train/lizard/images/00231.png,lizard,lizard,-0.2369013434158571;0.4118312613005687;-0.8799277048163361;-0.7265242420404475;0.5262139401266522;0.44188393831857864;0.645011844244209;0.74397170741364;0.17454460562480167,1.169007280907753;-1.4009812238620525;5.111565847328773
102,train/lizard/images/00233.png,lizard,lizard,-0.15632979483835951;0.409299771838974;-0.8989074991445787;-0.7584723183474327;0.5332183987455281;0.3746970530174023;0.6326774356229783;0.7403727682808297;0.2270846239658546,1.299509872920051;-1.499552023119521;4.910426001416259
103,train/lizard/images/00634.png,lizard,lizard,0.9952480066542035;-0.07483477477967324;0.06229897057343685;0.08882160445797135;0.9598977368532844;-0.2659079866522526;-0.039901476568493716;0.2701778881914996;0.961983253960294,1.1420105147648278;-0.974950041749657;0.7739029329586302
104,train/lizard/images/00555.png,lizard,lizard,0.928227582308856;-0.05547849043965691;0.36785281368992256;0.019293334963067874;0.994665929203502;0.10132845852837542;-0.37151221065674117;-0.08695876252725042;0.9243467157688561,-1.1309992398835786;-0.18142816564613504;-0.30028259098362675
105,train/lizard/images/00562.png,lizard,lizard,0.9856253854365367;0.0562911483851197;0.1592918899271488;0.003504223644571463;0.9358448710832309;-0.35239480371290927;-0.16890920637942528;0.34788745864244003;0.9221952049970642,-0.8949424167734453;1.0046492565429928;-1.0045369877654344
106,train/lizard/images/00178.png,lizard,lizard,-0.8813093685015458;0.11176995214109949;-0.4591309995957395;-0.30126428843066655;0.6156539247251341;0.7281552536972475;0.36405167972112257;0.7800498206966753;-0.5089092765152883,-3.761113007208961;-0.34668194278556386;7.243916165212466
107,train/lizard/images/00180.png,lizard,lizard,-0.9797863147188144;-0.19735867845665717;0.03268531057779435;-0.050941111387512936;0.4041476832890215;0.9132741391623449;-0.1934522697213193;0.8931484770909923;-0.4060320396344501,-7.258547057274592;0.24208419352796984;3.3903527861404186
108,train/lizard/images/00186.png,lizard,lizard,-0.012410097222321781;0.4732903102181028;-0.8808190913806223;-0.47310397913773555;0.7732707164008468;0.4221670570768904;0.8809191872192216;0.42195815125504255;0.21431916428180864,2.190865412029609;-0.05001229090062085;6.917521843565342
109,train/lizard/images/00189.png,lizard,lizard,0.12664893936949917;0.4946319563315904;-0.8598251414864331;-0.5679379794253112;0.7468264663269073;0.345972080838844;0.8132690192567744;0.4445103564251889;0.3755050536915261,2.745006776028471;-0.5200010078350115;5.572625856183678
110,train/lizard/images/00587.png,lizard,lizard,1.0;0.0;0.0;0.0;1.0;0.0;0.0;0.0;1.0,0.0;0.0;0.0
111,train/lizard/images/00191.png,lizard,lizard,-0.15003303591864015;0.494491429049731;-0.8561356871018704;-0.6360136130878126;0.6147049425776361;0.46650243036624306;0.7569522918255964;0.6145047275383486;0.22227723170175895,1.450911365714172;-1.007733233863557;5.067966436668853
112,train/lizard/images/00192.png,lizard,lizard,-0.41926220458314223;0.42249580243270435;-0.8035648702717341;-0.6450299136291993;0.48423477079206767;0.5911455804448356;0.6388705771371784;0.7661683781537183;0.06950109341377142,0.06769256572458424;-1.412659291157177;4.924947894808022
113,train/lizard/images/00591.png,lizard,lizard,1.0;0.0;0.0;0.0;1.0;0.0;0.0;0.0;1.0,0.0;0.0;0.0
114,train/lizard/images/00592.png,lizard,lizard,1.0;0.0;0.0;0.0;1.0;0.0;0.0;0.0;1.0,0.0;0.0;0.0
115,train/lizard/images/00196.png,lizard,lizard,-0.9855698526427208;-0.08286965994663772;-0.147596358431145;-0.16923237505412583;0.46421356492982224;0.8694056414405682;-0.0035311181438866662;0.8818380722079733;-0.4715391241553346,-4.373878941723956;0.7635076320407345;1.3889110003336032
116,train/lizard/images/00593.png,lizard,lizard,1.0;0.0;0.0;0.0;1.0;0.0;0.0;0.0;1.0,0.0;0.0;0.0
117,train/lizard/images/00198.png,lizard,lizard,-0.8142912733485419;0.10252825029901788;-0.5713297472029893;-0.4358943596505219;0.541964584143288;0.7185196564877361;0.3833090520366969;0.8341237003136974;-0.39662554532167205,-4.098297290490891;-0.20972720763830446;2.5182876396917035
118,train/lizard/images/00597.png,lizard,lizard,1.0;0.0;0.0;0.0;1.0;0.0;0.0;0.0;1.0,0.0;0.0;0.0
119,train/lizard/images/00205.png,lizard,lizard,0.8101969802365014;0.37047407396496096;-0.4542354166458829;-0.3696692428052218;0.9243420968698489;0.09453221079645202;0.4548906507496809;0.09132715080443216;0.8858520459910201,1.8136022904014026;-0.7029738512097837;2.8829453674839067
120,train/lizard/images/00602.png,lizard,lizard,1.0;0.0;0.0;0.0;1.0;0.0;0.0;0.0;1.0,0.0;0.0;0.0
121,train/lizard/images/00210.png,lizard,lizard,-0.2676075958162518;0.41079006328981316;-0.8715719698130486;-0.5838728629914778;0.6504294067197542;0.48583337342789;0.7664715614578153;0.6388999223482031;0.06578932056100895,-2.007329295003965;-0.5519823506376038;1.9405560280013499
122,train/lizard/images/00609.png,lizard,lizard,1.0;0.0;0.0;0.0;1.0;0.0;0.0;0.0;1.0,0.0;0.0;0.0
123,train/lizard/images/00613.png,lizard,lizard,1.0;0.0;0.0;0.0;1.0;0.0;0.0;0.0;1.0,0.0;0.0;0.0
124,train/lizard/images/00223.png,lizard,lizard,-0.09916362979483839;0.4662793190262494;-0.8790620974506465;-0.6899921843606022;0.6043190911588352;0.39838325966617155;0.7169918828321542;0.6460511068865811;0.2618026112234678,2.965892725239947;-0.6606347441062956;5.1731047500507765
125,train/lizard/images/00621.png,lizard,lizard,1.0;0.0;0.0;0.0;1.0;0.0;0.0;0.0;1.0,0.0;0.0;0.0
126,train/lizard/images/00636.png,lizard,lizard,0.9645909086093994;0.12126276562453411;-0.2342215205765314;-0.13007629856542371;0.9912487704315026;-0.022495147689065853;0.22944397045817516;0.05216528338965909;0.9719229638347191,0.8250130196169351;-0.7067555272058591;1.2661160238413485
127,train/lizard/images/00638.png,lizard,lizard,0.9456650976187757;0.1521238783994653;-0.28736013774769836;-0.13031478403774346;0.9870377105764067;0.09367291476879575;0.2978851795690208;-0.05113593179742096;0.9532311032862607,0.9355987294022472;-0.28518777511688825;1.3487408390407667
128,train/lizard/images/00241.png,lizard,lizard,0.5002599744291016;0.5303174544285125;-0.6844730495152145;-0.7965714580004768;0.5917512248800847;-0.12371095404980995;0.33943168721141714;0.6071193337239246;0.7184652005041223,4.366900586449965;-0.7687836202233297;2.3967434707901423
129,train/lizard/images/00642.png,lizard,lizard,0.9438274397197978;0.018064275623558883;-0.3299446104699509;-0.0821608811231172;0.9799761860340928;-0.18137327371789463;0.3200614841636596;0.19829361248479344;0.9264125914530124,1.7258791299146072;0.12224976402869982;1.2486013499870368
130,train/lizard/images/00643.png,lizard,lizard,0.9068423566891987;0.05998034554554666;-0.4171801748197258;-0.16814706809235552;0.9591248078597083;-0.2276096800226704;0.38647574775957794;0.27655372189922606;0.8798605203652228,1.8380259704499562;0.01450110611384565;1.4821108011457247
131,train/lizard/images/00647.png,lizard,lizard,0.5685772836876088;0.2653972133393104;-0.7786425313493663;-0.4725362136276848;0.8801588400551852;-0.04505488966940352;0.6733716650445216;0.39355398031837974;0.6258481167909103,1.6809501123124897;-0.23189409848526954;2.5454781312197245
132,train/lizard/images/00251.png,lizard,lizard,0.1451833015477797;0.5204276004373489;-0.841473066505821;-0.8318120573107912;0.5247150082434824;0.18100514201654966;0.535733618754765;0.6736685185067397;0.5090778102695688,2.0159844806714977;-1.4813985080320151;3.187785426072489
133,train/lizard/images/00252.png,lizard,lizard,0.09804120640993541;0.5502962198485406;-0.8291935794891875;-0.8082268798685528;0.5301745560175258;0.25628938879626595;0.5806524197001411;0.6450496186899317;0.49674314985145507,1.6870300228398025;-1.5888492595096921;3.2926239231029424
134,train/lizard/images/00254.png,lizard,lizard,0.09877697033656796;0.611541093338898;-0.7850226756527446;-0.7288145410896648;0.5815906445178561;0.3613608818142413;0.6775488726486011;0.5364418079970744;0.5031478031408264,1.3702157508118706;-1.4554065442735005;3.4552146355996367
135,train/lizard/images/00256.png,lizard,lizard,0.17529054765439012;0.6739446200982638;-0.7176850792260008;-0.6765908274040678;0.6120169894107301;0.4094631325837592;0.715190936866305;0.4138041248141845;0.5632655413844023,1.3562646952129844;-1.344475351395234;3.294274912075003
136,train/lizard/images/00261.png,lizard,lizard,0.3084235272046545;0.7139003663738434;-0.6286662029709661;-0.6535890983095208;0.6392219135880899;0.40523651829484486;0.6911557121500099;0.28590490041283434;0.6637485739964644,1.080689564421611;-1.2773594174296063;2.9817840077899795
137,train/lizard/images/00659.png,lizard,lizard,0.977652394808395;0.14819530184914853;-0.14911052087377918;-0.14125497325091663;0.9883787250107051;0.056165189201993405;0.15570108367411195;-0.033847429090739546;0.9872241508829971,0.05930671882586125;-0.7300554926130204;0.9979050699668943
138,train/lizard/images/00667.png,lizard,lizard,0.9933046327973293;-0.11426312156554477;-0.017024849880703158;0.11469294703540953;0.9930375076782706;0.02687073211621528;0.01383598076377987;-0.0286434529033459;0.9994939310681572,-1.5161612552599408;-0.8416518259675675;0.24211688486183536
139,train/lizard/images/00668.png,lizard,lizard,0.9829539715028834;-0.17761765866623055;0.04747059338827529;0.17621828808383486;0.983823357671226;0.03222911487021434;-0.05242713850203097;-0.023314549758494143;0.9983525564238555,-1.759147606042805;-0.930987224073794;0.2766937303476572
140,train/lizard/images/00675.png,lizard,lizard,0.8936195829972049;-0.2518611066915336;0.3714970037833649;0.3769376962930612;0.8704618006672911;-0.3165663069442753;-0.24364321044753443;0.42292107598838463;0.8727976566694284,-3.1272491611167874;-1.6490629353043993;0.8458233412126769
141,train/lizard/images/00683.png,lizard,lizard,0.45168312358441687;-0.5520983157786227;0.7008350773066605;0.3177912397820232;0.8335709385039052;0.45184977415012983;-0.8336612524202076;0.01862633072096978;0.5519619334854933,-2.2767421182782135;-1.319959444561151;3.727891852952096
142,train/lizard/images/00684.png,lizard,lizard,0.39972729863340994;-0.5635512468873426;0.7229302033107748;0.2925473066604938;0.8258669723281535;0.48203715352991194;-0.8686968171306534;0.01880787466064035;0.4949869733213409,-2.1850044053753557;-1.1915975539386945;3.9355647304815697
143,train/lizard/images/00689.png,lizard,lizard,0.7433289618007894;-0.38488460819550974;0.5471068386726211;0.4165910157037267;0.9062738079725039;0.07155215313290375;-0.5233679204757374;0.17473300591818972;0.8339990386443477,-4.59614121257358;-1.5151903453228834;2.5178892137476216
144,train/lizard/images/00694.png,lizard,lizard,-0.016588267258339506;-0.6270259677945088;0.7788217158636023;0.5550954070948163;0.6420876799282594;0.528765070997116;-0.8316212589945052;0.44109165373616477;0.337408112813977,-1.7960639971164163;-2.682643633997959;4.452804316656906
145,train/lizard/images/00701.png,lizard,lizard,-0.3188678909863174;-0.624495354985843;0.7129718225140771;0.4751321654599281;0.5455699466218504;0.6903642941870552;-0.8201052941197844;0.5588908524427086;0.12275309206926266,-1.2174190702105863;-2.630190306667269;5.188597141571195
146,train/lizard/images/00712.png,lizard,lizard,1.0;0.0;0.0;0.0;1.0;0.0;0.0;0.0;1.0,0.0;0.0;0.0
147,train/lizard/images/00721.png,lizard,lizard,-0.9815365675570458;-0.11195487751005914;-0.15508730428387846;-0.19111379038874984;0.540780907346963;0.8191651416974726;-0.007841279970620438;0.8336798640069838;-0.5521923565911784,7.660563788608585;1.7529058563290538;2.198114108515026
148,train/lizard/images/00730.png,lizard,lizard,-0.6080680934043527;-0.4935792960712699;0.6217979352437458;0.09272438028718694;0.7337178389190206;0.6730975576782011;-0.7884512559974478;0.46694497678183866;-0.4003835730574563,-0.2196262793783625;0.1774516246090785;7.210150991589851
149,train/lizard/images/00731.png,lizard,lizard,-0.5335936642640742;-0.5093272411428796;0.6751766901241637;0.1682538769491254;0.718439011055057;0.6749340858823327;-0.8288355894559708;0.4737416477617462;-0.29765822150103394,-0.8820311252049103;-0.3201946390141312;7.1312718804691615
